5.000000000000000000e-01 8.333333581686019897e-02 5.555555596947669983e-02 1.388888899236917496e-02 9.722222387790679932e-02 6.944444775581359863e-02 6.944444775581359863e-02 1.111111119389533997e-01
5.416666865348815918e-01 4.166666790843009949e-02 1.111111119389533997e-01 1.388888899236917496e-02 0.000000000000000000e+00 1.111111119389533997e-01 5.555555596947669983e-02 1.250000000000000000e-01
5.000000000000000000e-01 8.333333581686019897e-02 5.555555596947669983e-02 1.388888899236917496e-02 8.333333581686019897e-02 6.944444775581359863e-02 6.944444775581359863e-02 1.250000000000000000e-01
4.444444477558135986e-01 8.333333581686019897e-02 2.777777798473834991e-02 1.388888899236917496e-02 8.333333581686019897e-02 6.944444775581359863e-02 6.944444775581359863e-02 2.083333283662796021e-01
5.138888955116271973e-01 8.333333581686019897e-02 2.777777798473834991e-02 1.388888899236917496e-02 1.111111119389533997e-01 2.777777798473834991e-02 6.944444775581359863e-02 1.527777761220932007e-01
5.000000000000000000e-01 8.333333581686019897e-02 8.333333581686019897e-02 1.388888899236917496e-02 2.777777798473834991e-02 6.944444775581359863e-02 6.944444775581359863e-02 1.527777761220932007e-01
4.861111044883728027e-01 8.333333581686019897e-02 2.777777798473834991e-02 1.388888899236917496e-02 1.388888955116271973e-01 6.944444775581359863e-02 6.944444775581359863e-02 1.111111119389533997e-01
5.138888955116271973e-01 1.250000000000000000e-01 4.166666790843009949e-02 2.777777798473834991e-02 6.944444775581359863e-02 0.000000000000000000e+00 8.333333581686019897e-02 1.388888955116271973e-01
4.861111044883728027e-01 8.333333581686019897e-02 5.555555596947669983e-02 1.388888899236917496e-02 6.944444775581359863e-02 6.944444775581359863e-02 6.944444775581359863e-02 1.527777761220932007e-01
5.000000000000000000e-01 1.250000000000000000e-01 1.388888899236917496e-02 1.388888899236917496e-02 1.388888955116271973e-01 2.777777798473834991e-02 9.722222387790679932e-02 8.333333581686019897e-02
5.000000000000000000e-01 8.333333581686019897e-02 4.166666790843009949e-02 1.388888899236917496e-02 1.527777761220932007e-01 2.777777798473834991e-02 5.555555596947669983e-02 1.250000000000000000e-01
5.277777910232543945e-01 1.250000000000000000e-01 4.166666790843009949e-02 2.777777798473834991e-02 5.555555596947669983e-02 0.000000000000000000e+00 6.944444775581359863e-02 1.527777761220932007e-01
5.416666865348815918e-01 8.333333581686019897e-02 8.333333581686019897e-02 1.388888899236917496e-02 4.166666790843009949e-02 6.944444775581359863e-02 4.166666790843009949e-02 1.250000000000000000e-01
5.416666865348815918e-01 8.333333581686019897e-02 8.333333581686019897e-02 1.388888899236917496e-02 1.388888899236917496e-02 6.944444775581359863e-02 6.944444775581359863e-02 1.250000000000000000e-01
5.277777910232543945e-01 1.111111119389533997e-01 5.555555596947669983e-02 1.388888899236917496e-02 2.777777798473834991e-02 4.166666790843009949e-02 8.333333581686019897e-02 1.388888955116271973e-01
4.583333432674407959e-01 4.166666790843009949e-02 9.722222387790679932e-02 1.388888899236917496e-02 1.388888899236917496e-02 1.111111119389533997e-01 5.555555596947669983e-02 2.083333283662796021e-01
4.861111044883728027e-01 8.333333581686019897e-02 2.777777798473834991e-02 1.388888899236917496e-02 1.250000000000000000e-01 6.944444775581359863e-02 6.944444775581359863e-02 1.250000000000000000e-01
4.722222089767456055e-01 8.333333581686019897e-02 6.944444775581359863e-02 1.388888899236917496e-02 4.166666790843009949e-02 6.944444775581359863e-02 5.555555596947669983e-02 1.944444477558135986e-01
5.138888955116271973e-01 4.166666790843009949e-02 1.111111119389533997e-01 1.388888899236917496e-02 1.388888899236917496e-02 1.111111119389533997e-01 4.166666790843009949e-02 1.527777761220932007e-01
4.861111044883728027e-01 8.333333581686019897e-02 5.555555596947669983e-02 1.388888899236917496e-02 1.111111119389533997e-01 6.944444775581359863e-02 6.944444775581359863e-02 1.111111119389533997e-01
5.416666865348815918e-01 4.166666790843009949e-02 4.166666790843009949e-02 1.388888899236917496e-02 6.944444775581359863e-02 1.111111119389533997e-01 5.555555596947669983e-02 1.250000000000000000e-01
4.722222089767456055e-01 8.333333581686019897e-02 2.777777798473834991e-02 1.388888899236917496e-02 1.250000000000000000e-01 6.944444775581359863e-02 6.944444775581359863e-02 1.388888955116271973e-01
4.861111044883728027e-01 4.166666790843009949e-02 4.166666790843009949e-02 2.777777798473834991e-02 9.722222387790679932e-02 1.111111119389533997e-01 4.166666790843009949e-02 1.527777761220932007e-01
4.861111044883728027e-01 8.333333581686019897e-02 4.166666790843009949e-02 1.388888899236917496e-02 8.333333581686019897e-02 6.944444775581359863e-02 5.555555596947669983e-02 1.666666716337203979e-01
4.861111044883728027e-01 8.333333581686019897e-02 5.555555596947669983e-02 1.388888899236917496e-02 6.944444775581359863e-02 6.944444775581359863e-02 6.944444775581359863e-02 1.527777761220932007e-01
5.416666865348815918e-01 4.166666790843009949e-02 8.333333581686019897e-02 1.388888899236917496e-02 2.777777798473834991e-02 1.111111119389533997e-01 5.555555596947669983e-02 1.250000000000000000e-01
5.000000000000000000e-01 4.166666790843009949e-02 8.333333581686019897e-02 1.388888899236917496e-02 6.944444775581359863e-02 1.111111119389533997e-01 5.555555596947669983e-02 1.250000000000000000e-01
4.722222089767456055e-01 1.250000000000000000e-01 6.944444775581359863e-02 2.777777798473834991e-02 6.944444775581359863e-02 0.000000000000000000e+00 5.555555596947669983e-02 1.805555522441864014e-01
4.722222089767456055e-01 4.166666790843009949e-02 5.555555596947669983e-02 1.388888899236917496e-02 1.111111119389533997e-01 1.111111119389533997e-01 5.555555596947669983e-02 1.388888955116271973e-01
5.833333134651184082e-01 8.333333581686019897e-02 8.333333581686019897e-02 1.388888899236917496e-02 2.777777798473834991e-02 6.944444775581359863e-02 6.944444775581359863e-02 6.944444775581359863e-02
5.416666865348815918e-01 4.166666790843009949e-02 9.722222387790679932e-02 1.388888899236917496e-02 4.166666790843009949e-02 1.111111119389533997e-01 5.555555596947669983e-02 9.722222387790679932e-02
4.722222089767456055e-01 8.333333581686019897e-02 4.166666790843009949e-02 1.388888899236917496e-02 8.333333581686019897e-02 6.944444775581359863e-02 8.333333581686019897e-02 1.527777761220932007e-01
5.138888955116271973e-01 8.333333581686019897e-02 9.722222387790679932e-02 1.388888899236917496e-02 2.777777798473834991e-02 6.944444775581359863e-02 5.555555596947669983e-02 1.388888955116271973e-01
4.583333432674407959e-01 8.333333581686019897e-02 5.555555596947669983e-02 1.388888899236917496e-02 1.111111119389533997e-01 6.944444775581359863e-02 6.944444775581359863e-02 1.388888955116271973e-01
5.138888955116271973e-01 8.333333581686019897e-02 9.722222387790679932e-02 1.388888899236917496e-02 4.166666790843009949e-02 6.944444775581359863e-02 2.777777798473834991e-02 1.527777761220932007e-01
5.277777910232543945e-01 8.333333581686019897e-02 6.944444775581359863e-02 1.388888899236917496e-02 4.166666790843009949e-02 6.944444775581359863e-02 6.944444775581359863e-02 1.250000000000000000e-01
5.277777910232543945e-01 8.333333581686019897e-02 9.722222387790679932e-02 1.388888899236917496e-02 5.555555596947669983e-02 6.944444775581359863e-02 2.777777798473834991e-02 1.250000000000000000e-01
4.305555522441864014e-01 8.333333581686019897e-02 6.944444775581359863e-02 1.388888899236917496e-02 5.555555596947669983e-02 6.944444775581359863e-02 6.944444775581359863e-02 2.083333283662796021e-01
5.138888955116271973e-01 8.333333581686019897e-02 5.555555596947669983e-02 1.388888899236917496e-02 8.333333581686019897e-02 6.944444775581359863e-02 6.944444775581359863e-02 1.111111119389533997e-01
5.138888955116271973e-01 8.333333581686019897e-02 6.944444775581359863e-02 1.388888899236917496e-02 9.722222387790679932e-02 6.944444775581359863e-02 5.555555596947669983e-02 9.722222387790679932e-02
5.416666865348815918e-01 4.166666790843009949e-02 8.333333581686019897e-02 1.388888899236917496e-02 2.777777798473834991e-02 1.111111119389533997e-01 5.555555596947669983e-02 1.250000000000000000e-01
4.722222089767456055e-01 8.333333581686019897e-02 5.555555596947669983e-02 1.388888899236917496e-02 6.944444775581359863e-02 6.944444775581359863e-02 6.944444775581359863e-02 1.666666716337203979e-01
5.277777910232543945e-01 4.166666790843009949e-02 9.722222387790679932e-02 1.388888899236917496e-02 1.388888899236917496e-02 1.111111119389533997e-01 5.555555596947669983e-02 1.388888955116271973e-01
5.000000000000000000e-01 8.333333581686019897e-02 9.722222387790679932e-02 1.388888899236917496e-02 2.777777798473834991e-02 6.944444775581359863e-02 5.555555596947669983e-02 1.527777761220932007e-01
4.305555522441864014e-01 8.333333581686019897e-02 6.944444775581359863e-02 1.388888899236917496e-02 9.722222387790679932e-02 6.944444775581359863e-02 5.555555596947669983e-02 1.805555522441864014e-01
4.722222089767456055e-01 8.333333581686019897e-02 5.555555596947669983e-02 1.388888899236917496e-02 8.333333581686019897e-02 6.944444775581359863e-02 6.944444775581359863e-02 1.527777761220932007e-01
4.861111044883728027e-01 8.333333581686019897e-02 8.333333581686019897e-02 1.388888899236917496e-02 6.944444775581359863e-02 6.944444775581359863e-02 6.944444775581359863e-02 1.250000000000000000e-01
5.277777910232543945e-01 8.333333581686019897e-02 1.111111119389533997e-01 1.388888899236917496e-02 1.388888899236917496e-02 6.944444775581359863e-02 4.166666790843009949e-02 1.388888955116271973e-01
5.138888955116271973e-01 1.111111119389533997e-01 4.166666790843009949e-02 1.388888899236917496e-02 4.166666790843009949e-02 4.166666790843009949e-02 8.333333581686019897e-02 1.527777761220932007e-01
4.583333432674407959e-01 8.333333581686019897e-02 8.333333581686019897e-02 1.388888899236917496e-02 4.166666790843009949e-02 6.944444775581359863e-02 6.944444775581359863e-02 1.805555522441864014e-01
5.277777910232543945e-01 1.111111119389533997e-01 5.555555596947669983e-02 1.388888899236917496e-02 5.555555596947669983e-02 4.166666790843009949e-02 6.944444775581359863e-02 1.250000000000000000e-01
4.861111044883728027e-01 4.166666790843009949e-02 9.722222387790679932e-02 1.388888899236917496e-02 2.777777798473834991e-02 1.111111119389533997e-01 5.555555596947669983e-02 1.666666716337203979e-01
5.416666865348815918e-01 8.333333581686019897e-02 2.777777798473834991e-02 1.388888899236917496e-02 6.944444775581359863e-02 0.000000000000000000e+00 6.944444775581359863e-02 1.944444477558135986e-01
4.722222089767456055e-01 8.333333581686019897e-02 2.777777798473834991e-02 1.388888899236917496e-02 1.250000000000000000e-01 6.944444775581359863e-02 6.944444775581359863e-02 1.388888955116271973e-01
5.000000000000000000e-01 8.333333581686019897e-02 8.333333581686019897e-02 1.388888899236917496e-02 6.944444775581359863e-02 6.944444775581359863e-02 5.555555596947669983e-02 1.250000000000000000e-01
4.722222089767456055e-01 8.333333581686019897e-02 5.555555596947669983e-02 1.388888899236917496e-02 9.722222387790679932e-02 6.944444775581359863e-02 6.944444775581359863e-02 1.388888955116271973e-01
5.138888955116271973e-01 8.333333581686019897e-02 6.944444775581359863e-02 1.388888899236917496e-02 4.166666790843009949e-02 6.944444775581359863e-02 5.555555596947669983e-02 1.527777761220932007e-01
5.416666865348815918e-01 4.166666790843009949e-02 9.722222387790679932e-02 1.388888899236917496e-02 8.333333581686019897e-02 1.111111119389533997e-01 4.166666790843009949e-02 6.944444775581359863e-02
4.583333432674407959e-01 8.333333581686019897e-02 2.777777798473834991e-02 1.388888899236917496e-02 8.333333581686019897e-02 2.777777798473834991e-02 6.944444775581359863e-02 2.361111044883728027e-01
4.722222089767456055e-01 8.333333581686019897e-02 1.111111119389533997e-01 1.388888899236917496e-02 4.166666790843009949e-02 6.944444775581359863e-02 2.777777798473834991e-02 1.805555522441864014e-01
5.277777910232543945e-01 8.333333581686019897e-02 6.944444775581359863e-02 1.388888899236917496e-02 6.944444775581359863e-02 6.944444775581359863e-02 5.555555596947669983e-02 1.111111119389533997e-01
5.000000000000000000e-01 4.166666790843009949e-02 9.722222387790679932e-02 1.388888899236917496e-02 1.388888899236917496e-02 1.111111119389533997e-01 5.555555596947669983e-02 1.666666716337203979e-01
4.722222089767456055e-01 8.333333581686019897e-02 8.333333581686019897e-02 1.388888899236917496e-02 4.166666790843009949e-02 6.944444775581359863e-02 5.555555596947669983e-02 1.805555522441864014e-01
5.138888955116271973e-01 8.333333581686019897e-02 5.555555596947669983e-02 1.388888899236917496e-02 8.333333581686019897e-02 6.944444775581359863e-02 6.944444775581359863e-02 1.111111119389533997e-01
5.555555820465087891e-01 1.250000000000000000e-01 5.555555596947669983e-02 1.388888899236917496e-02 9.722222387790679932e-02 0.000000000000000000e+00 6.944444775581359863e-02 8.333333581686019897e-02
5.138888955116271973e-01 4.166666790843009949e-02 6.944444775581359863e-02 2.777777798473834991e-02 5.555555596947669983e-02 1.111111119389533997e-01 4.166666790843009949e-02 1.388888955116271973e-01
4.722222089767456055e-01 8.333333581686019897e-02 4.166666790843009949e-02 1.388888899236917496e-02 1.388888955116271973e-01 6.944444775581359863e-02 6.944444775581359863e-02 1.111111119389533997e-01
5.555555820465087891e-01 1.250000000000000000e-01 6.944444775581359863e-02 1.388888899236917496e-02 5.555555596947669983e-02 0.000000000000000000e+00 6.944444775581359863e-02 1.111111119389533997e-01
5.000000000000000000e-01 8.333333581686019897e-02 6.944444775581359863e-02 1.388888899236917496e-02 6.944444775581359863e-02 6.944444775581359863e-02 6.944444775581359863e-02 1.250000000000000000e-01
5.555555820465087891e-01 8.333333581686019897e-02 6.944444775581359863e-02 1.388888899236917496e-02 4.166666790843009949e-02 6.944444775581359863e-02 5.555555596947669983e-02 1.111111119389533997e-01
5.000000000000000000e-01 4.166666790843009949e-02 9.722222387790679932e-02 1.388888899236917496e-02 1.388888899236917496e-02 1.111111119389533997e-01 5.555555596947669983e-02 1.666666716337203979e-01
4.861111044883728027e-01 4.166666790843009949e-02 8.333333581686019897e-02 1.388888899236917496e-02 2.777777798473834991e-02 1.111111119389533997e-01 5.555555596947669983e-02 1.805555522441864014e-01
4.861111044883728027e-01 8.333333581686019897e-02 4.166666790843009949e-02 1.388888899236917496e-02 6.944444775581359863e-02 6.944444775581359863e-02 6.944444775581359863e-02 1.666666716337203979e-01
5.555555820465087891e-01 8.333333581686019897e-02 8.333333581686019897e-02 1.388888899236917496e-02 4.166666790843009949e-02 6.944444775581359863e-02 4.166666790843009949e-02 1.111111119389533997e-01
5.277777910232543945e-01 8.333333581686019897e-02 2.777777798473834991e-02 1.388888899236917496e-02 8.333333581686019897e-02 0.000000000000000000e+00 6.944444775581359863e-02 1.944444477558135986e-01
5.277777910232543945e-01 8.333333581686019897e-02 0.000000000000000000e+00 1.388888899236917496e-02 1.388888955116271973e-01 2.777777798473834991e-02 8.333333581686019897e-02 1.250000000000000000e-01
5.138888955116271973e-01 6.944444775581359863e-02 9.722222387790679932e-02 1.388888899236917496e-02 5.555555596947669983e-02 4.166666790843009949e-02 1.388888899236917496e-02 1.944444477558135986e-01
4.722222089767456055e-01 1.250000000000000000e-01 4.166666790843009949e-02 1.388888899236917496e-02 1.111111119389533997e-01 2.777777798473834991e-02 8.333333581686019897e-02 1.250000000000000000e-01
5.000000000000000000e-01 4.166666790843009949e-02 1.111111119389533997e-01 1.388888899236917496e-02 0.000000000000000000e+00 1.111111119389533997e-01 5.555555596947669983e-02 1.666666716337203979e-01
4.861111044883728027e-01 8.333333581686019897e-02 5.555555596947669983e-02 1.388888899236917496e-02 5.555555596947669983e-02 6.944444775581359863e-02 6.944444775581359863e-02 1.666666716337203979e-01
4.722222089767456055e-01 8.333333581686019897e-02 5.555555596947669983e-02 1.388888899236917496e-02 6.944444775581359863e-02 6.944444775581359863e-02 6.944444775581359863e-02 1.666666716337203979e-01
5.000000000000000000e-01 8.333333581686019897e-02 1.111111119389533997e-01 1.388888899236917496e-02 0.000000000000000000e+00 6.944444775581359863e-02 5.555555596947669983e-02 1.666666716337203979e-01
4.861111044883728027e-01 8.333333581686019897e-02 5.555555596947669983e-02 1.388888899236917496e-02 8.333333581686019897e-02 6.944444775581359863e-02 6.944444775581359863e-02 1.388888955116271973e-01
5.138888955116271973e-01 4.166666790843009949e-02 1.111111119389533997e-01 1.388888899236917496e-02 0.000000000000000000e+00 1.111111119389533997e-01 5.555555596947669983e-02 1.527777761220932007e-01
5.138888955116271973e-01 8.333333581686019897e-02 5.555555596947669983e-02 1.388888899236917496e-02 6.944444775581359863e-02 6.944444775581359863e-02 6.944444775581359863e-02 1.250000000000000000e-01
5.138888955116271973e-01 8.333333581686019897e-02 6.944444775581359863e-02 1.388888899236917496e-02 4.166666790843009949e-02 6.944444775581359863e-02 5.555555596947669983e-02 1.527777761220932007e-01
5.000000000000000000e-01 1.250000000000000000e-01 1.388888899236917496e-02 1.388888899236917496e-02 9.722222387790679932e-02 2.777777798473834991e-02 8.333333581686019897e-02 1.388888955116271973e-01
4.861111044883728027e-01 8.333333581686019897e-02 5.555555596947669983e-02 1.388888899236917496e-02 4.166666790843009949e-02 6.944444775581359863e-02 6.944444775581359863e-02 1.805555522441864014e-01
4.583333432674407959e-01 8.333333581686019897e-02 5.555555596947669983e-02 1.388888899236917496e-02 8.333333581686019897e-02 6.944444775581359863e-02 6.944444775581359863e-02 1.666666716337203979e-01
4.722222089767456055e-01 4.166666790843009949e-02 8.333333581686019897e-02 1.388888899236917496e-02 4.166666790843009949e-02 1.111111119389533997e-01 5.555555596947669983e-02 1.805555522441864014e-01
4.722222089767456055e-01 8.333333581686019897e-02 2.777777798473834991e-02 1.388888899236917496e-02 1.111111119389533997e-01 6.944444775581359863e-02 6.944444775581359863e-02 1.527777761220932007e-01
5.000000000000000000e-01 8.333333581686019897e-02 8.333333581686019897e-02 1.388888899236917496e-02 4.166666790843009949e-02 6.944444775581359863e-02 6.944444775581359863e-02 1.388888955116271973e-01
5.000000000000000000e-01 8.333333581686019897e-02 5.555555596947669983e-02 1.388888899236917496e-02 6.944444775581359863e-02 6.944444775581359863e-02 6.944444775581359863e-02 1.388888955116271973e-01
5.000000000000000000e-01 6.944444775581359863e-02 9.722222387790679932e-02 1.388888899236917496e-02 4.166666790843009949e-02 8.333333581686019897e-02 2.777777798473834991e-02 1.666666716337203979e-01
5.000000000000000000e-01 1.250000000000000000e-01 2.777777798473834991e-02 1.388888899236917496e-02 1.388888955116271973e-01 0.000000000000000000e+00 6.944444775581359863e-02 1.250000000000000000e-01
5.138888955116271973e-01 8.333333581686019897e-02 8.333333581686019897e-02 1.388888899236917496e-02 5.555555596947669983e-02 6.944444775581359863e-02 4.166666790843009949e-02 1.388888955116271973e-01
5.138888955116271973e-01 1.250000000000000000e-01 2.777777798473834991e-02 1.388888899236917496e-02 1.388888955116271973e-01 0.000000000000000000e+00 8.333333581686019897e-02 9.722222387790679932e-02
4.861111044883728027e-01 8.333333581686019897e-02 5.555555596947669983e-02 1.388888899236917496e-02 8.333333581686019897e-02 6.944444775581359863e-02 6.944444775581359863e-02 1.388888955116271973e-01
5.277777910232543945e-01 4.166666790843009949e-02 6.944444775581359863e-02 2.777777798473834991e-02 6.944444775581359863e-02 1.111111119389533997e-01 4.166666790843009949e-02 1.111111119389533997e-01
5.138888955116271973e-01 8.333333581686019897e-02 4.166666790843009949e-02 1.388888899236917496e-02 6.944444775581359863e-02 2.777777798473834991e-02 8.333333581686019897e-02 1.666666716337203979e-01
4.444444477558135986e-01 8.333333581686019897e-02 6.944444775581359863e-02 1.388888899236917496e-02 5.555555596947669983e-02 6.944444775581359863e-02 5.555555596947669983e-02 2.083333283662796021e-01
5.138888955116271973e-01 8.333333581686019897e-02 1.388888899236917496e-02 2.777777798473834991e-02 1.527777761220932007e-01 4.166666790843009949e-02 5.555555596947669983e-02 1.111111119389533997e-01
4.861111044883728027e-01 8.333333581686019897e-02 8.333333581686019897e-02 1.388888899236917496e-02 8.333333581686019897e-02 6.944444775581359863e-02 5.555555596947669983e-02 1.250000000000000000e-01
4.861111044883728027e-01 8.333333581686019897e-02 9.722222387790679932e-02 1.388888899236917496e-02 8.333333581686019897e-02 6.944444775581359863e-02 2.777777798473834991e-02 1.388888955116271973e-01
4.583333432674407959e-01 8.333333581686019897e-02 5.555555596947669983e-02 1.388888899236917496e-02 6.944444775581359863e-02 6.944444775581359863e-02 6.944444775581359863e-02 1.805555522441864014e-01
4.722222089767456055e-01 8.333333581686019897e-02 9.722222387790679932e-02 1.388888899236917496e-02 1.388888899236917496e-02 6.944444775581359863e-02 5.555555596947669983e-02 1.944444477558135986e-01
5.000000000000000000e-01 4.166666790843009949e-02 6.944444775581359863e-02 1.388888899236917496e-02 4.166666790843009949e-02 1.111111119389533997e-01 5.555555596947669983e-02 1.666666716337203979e-01
4.861111044883728027e-01 8.333333581686019897e-02 4.166666790843009949e-02 1.388888899236917496e-02 1.111111119389533997e-01 6.944444775581359863e-02 5.555555596947669983e-02 1.388888955116271973e-01
4.722222089767456055e-01 8.333333581686019897e-02 6.944444775581359863e-02 1.388888899236917496e-02 6.944444775581359863e-02 6.944444775581359863e-02 5.555555596947669983e-02 1.666666716337203979e-01
5.000000000000000000e-01 8.333333581686019897e-02 5.555555596947669983e-02 1.388888899236917496e-02 6.944444775581359863e-02 6.944444775581359863e-02 6.944444775581359863e-02 1.388888955116271973e-01
4.861111044883728027e-01 8.333333581686019897e-02 8.333333581686019897e-02 1.388888899236917496e-02 2.777777798473834991e-02 6.944444775581359863e-02 5.555555596947669983e-02 1.805555522441864014e-01
5.138888955116271973e-01 8.333333581686019897e-02 5.555555596947669983e-02 1.388888899236917496e-02 8.333333581686019897e-02 6.944444775581359863e-02 6.944444775581359863e-02 1.111111119389533997e-01
5.555555820465087891e-01 4.166666790843009949e-02 1.111111119389533997e-01 1.388888899236917496e-02 0.000000000000000000e+00 1.111111119389533997e-01 5.555555596947669983e-02 1.111111119389533997e-01
4.583333432674407959e-01 8.333333581686019897e-02 9.722222387790679932e-02 1.388888899236917496e-02 5.555555596947669983e-02 6.944444775581359863e-02 2.777777798473834991e-02 1.944444477558135986e-01
4.722222089767456055e-01 8.333333581686019897e-02 6.944444775581359863e-02 1.388888899236917496e-02 6.944444775581359863e-02 6.944444775581359863e-02 5.555555596947669983e-02 1.666666716337203979e-01
5.555555820465087891e-01 8.333333581686019897e-02 2.777777798473834991e-02 1.388888899236917496e-02 5.555555596947669983e-02 0.000000000000000000e+00 8.333333581686019897e-02 1.805555522441864014e-01
5.138888955116271973e-01 8.333333581686019897e-02 5.555555596947669983e-02 1.388888899236917496e-02 8.333333581686019897e-02 6.944444775581359863e-02 6.944444775581359863e-02 1.111111119389533997e-01
4.583333432674407959e-01 1.250000000000000000e-01 4.166666790843009949e-02 1.388888899236917496e-02 9.722222387790679932e-02 2.777777798473834991e-02 8.333333581686019897e-02 1.527777761220932007e-01
4.861111044883728027e-01 8.333333581686019897e-02 5.555555596947669983e-02 1.388888899236917496e-02 9.722222387790679932e-02 6.944444775581359863e-02 6.944444775581359863e-02 1.250000000000000000e-01
5.277777910232543945e-01 8.333333581686019897e-02 4.166666790843009949e-02 1.388888899236917496e-02 6.944444775581359863e-02 4.166666790843009949e-02 6.944444775581359863e-02 1.527777761220932007e-01
