strel( 10 , 0 )
[[0 0 0 0 0 0 0 0 0 0 0]
 [0 0 0 0 0 0 0 0 0 0 0]
 [0 0 0 0 0 0 0 0 0 0 0]
 [0 0 0 0 0 0 0 0 0 0 0]
 [0 0 0 0 0 0 0 0 0 0 0]
 [1 1 1 1 1 1 1 1 1 1 1]
 [0 0 0 0 0 0 0 0 0 0 0]
 [0 0 0 0 0 0 0 0 0 0 0]
 [0 0 0 0 0 0 0 0 0 0 0]
 [0 0 0 0 0 0 0 0 0 0 0]
 [0 0 0 0 0 0 0 0 0 0 0]]
strel( 10 , 15 )
[[0 0 0 0 0 0 0 0 0 0 0]
 [0 0 0 0 0 0 0 0 0 0 0]
 [0 0 0 0 0 0 0 0 0 0 0]
 [0 0 0 0 0 0 0 0 0 0 0]
 [0 0 0 0 0 0 0 1 1 1 1]
 [0 0 0 0 1 1 1 0 0 0 0]
 [1 1 1 1 0 0 0 0 0 0 0]
 [0 0 0 0 0 0 0 0 0 0 0]
 [0 0 0 0 0 0 0 0 0 0 0]
 [0 0 0 0 0 0 0 0 0 0 0]
 [0 0 0 0 0 0 0 0 0 0 0]]
strel( 10 , 30 )
[[0 0 0 0 0 0 0 0 0 0 0]
 [0 0 0 0 0 0 0 0 0 0 0]
 [0 0 0 0 0 0 0 0 0 1 1]
 [0 0 0 0 0 0 0 0 1 0 0]
 [0 0 0 0 0 0 1 1 0 0 0]
 [0 0 0 0 0 1 0 0 0 0 0]
 [0 0 0 1 1 0 0 0 0 0 0]
 [0 0 1 0 0 0 0 0 0 0 0]
 [1 1 0 0 0 0 0 0 0 0 0]
 [0 0 0 0 0 0 0 0 0 0 0]
 [0 0 0 0 0 0 0 0 0 0 0]]
strel( 10 , 45 )
[[0 0 0 0 0 0 0 0 0 0 1]
 [0 0 0 0 0 0 0 0 0 1 0]
 [0 0 0 0 0 0 0 0 1 0 0]
 [0 0 0 0 0 0 0 1 0 0 0]
 [0 0 0 0 0 0 1 0 0 0 0]
 [0 0 0 0 0 1 0 0 0 0 0]
 [0 0 0 0 1 0 0 0 0 0 0]
 [0 0 0 1 0 0 0 0 0 0 0]
 [0 0 1 0 0 0 0 0 0 0 0]
 [0 1 0 0 0 0 0 0 0 0 0]
 [1 0 0 0 0 0 0 0 0 0 0]]
strel( 10 , 60 )
[[0 0 0 0 0 0 0 0 1 0 0]
 [0 0 0 0 0 0 0 0 1 0 0]
 [0 0 0 0 0 0 0 1 0 0 0]
 [0 0 0 0 0 0 1 0 0 0 0]
 [0 0 0 0 0 0 1 0 0 0 0]
 [0 0 0 0 0 1 0 0 0 0 0]
 [0 0 0 0 1 0 0 0 0 0 0]
 [0 0 0 0 1 0 0 0 0 0 0]
 [0 0 0 1 0 0 0 0 0 0 0]
 [0 0 1 0 0 0 0 0 0 0 0]
 [0 0 1 0 0 0 0 0 0 0 0]]
strel( 10 , 75 )
[[0 0 0 0 0 0 1 0 0 0 0]
 [0 0 0 0 0 0 1 0 0 0 0]
 [0 0 0 0 0 0 1 0 0 0 0]
 [0 0 0 0 0 0 1 0 0 0 0]
 [0 0 0 0 0 1 0 0 0 0 0]
 [0 0 0 0 0 1 0 0 0 0 0]
 [0 0 0 0 0 1 0 0 0 0 0]
 [0 0 0 0 1 0 0 0 0 0 0]
 [0 0 0 0 1 0 0 0 0 0 0]
 [0 0 0 0 1 0 0 0 0 0 0]
 [0 0 0 0 1 0 0 0 0 0 0]]
strel( 10 , 90 )
[[0 0 0 0 0 1 0 0 0 0 0]
 [0 0 0 0 0 1 0 0 0 0 0]
 [0 0 0 0 0 1 0 0 0 0 0]
 [0 0 0 0 0 1 0 0 0 0 0]
 [0 0 0 0 0 1 0 0 0 0 0]
 [0 0 0 0 0 1 0 0 0 0 0]
 [0 0 0 0 0 1 0 0 0 0 0]
 [0 0 0 0 0 1 0 0 0 0 0]
 [0 0 0 0 0 1 0 0 0 0 0]
 [0 0 0 0 0 1 0 0 0 0 0]
 [0 0 0 0 0 1 0 0 0 0 0]]
strel( 10 , 120 )
strel( 10 , 30.0 )
[[0 0 1 0 0 0 0 0 0 0 0]
 [0 0 1 0 0 0 0 0 0 0 0]
 [0 0 0 1 0 0 0 0 0 0 0]
 [0 0 0 0 1 0 0 0 0 0 0]
 [0 0 0 0 1 0 0 0 0 0 0]
 [0 0 0 0 0 1 0 0 0 0 0]
 [0 0 0 0 0 0 1 0 0 0 0]
 [0 0 0 0 0 0 1 0 0 0 0]
 [0 0 0 0 0 0 0 1 0 0 0]
 [0 0 0 0 0 0 0 0 1 0 0]
 [0 0 0 0 0 0 0 0 1 0 0]]
strel( 10 , 150 )
strel( 10 , 60.0 )
[[0 0 0 0 0 0 0 0 0 0 0]
 [0 0 0 0 0 0 0 0 0 0 0]
 [1 1 0 0 0 0 0 0 0 0 0]
 [0 0 1 0 0 0 0 0 0 0 0]
 [0 0 0 1 1 0 0 0 0 0 0]
 [0 0 0 0 0 1 0 0 0 0 0]
 [0 0 0 0 0 0 1 1 0 0 0]
 [0 0 0 0 0 0 0 0 1 0 0]
 [0 0 0 0 0 0 0 0 0 1 1]
 [0 0 0 0 0 0 0 0 0 0 0]
 [0 0 0 0 0 0 0 0 0 0 0]]
strel( 10 , 180 )
strel( 10 , 90.0 )
[[0 0 0 0 0 0 0 0 0 0 0]
 [0 0 0 0 0 0 0 0 0 0 0]
 [0 0 0 0 0 0 0 0 0 0 0]
 [0 0 0 0 0 0 0 0 0 0 0]
 [0 0 0 0 0 0 0 0 0 0 0]
 [1 1 1 1 1 1 1 1 1 1 1]
 [0 0 0 0 0 0 0 0 0 0 0]
 [0 0 0 0 0 0 0 0 0 0 0]
 [0 0 0 0 0 0 0 0 0 0 0]
 [0 0 0 0 0 0 0 0 0 0 0]
 [0 0 0 0 0 0 0 0 0 0 0]]
