3.286052048206329346e-01 8.037824928760528564e-02 6.146572157740592957e-02 1.536643058061599731e-01 1.394799053668975830e-01 1.182033121585845947e-02 1.347517669200897217e-01 8.983451873064041138e-02
1.367521435022354126e-01 2.547008693218231201e-01 1.196581218391656876e-02 4.444444552063941956e-02 1.675213724374771118e-01 2.820512950420379639e-01 5.128205288201570511e-03 9.743589907884597778e-02
2.463768124580383301e-01 1.884057968854904175e-01 4.140786826610565186e-02 9.937888383865356445e-02 1.821946203708648682e-01 6.625258922576904297e-02 2.691511437296867371e-02 1.490683257579803467e-01
2.274247407913208008e-01 2.474916428327560425e-01 9.030099958181381226e-02 8.026755601167678833e-02 1.705685555934906006e-01 4.347826167941093445e-02 6.354515254497528076e-02 7.692307978868484497e-02
2.467532455921173096e-01 2.337662279605865479e-01 9.740259498357772827e-02 2.489177435636520386e-01 4.978355020284652710e-02 4.545454680919647217e-02 2.813852764666080475e-02 4.978355020284652710e-02
1.450857967138290405e-01 2.340093553066253662e-01 2.652106061577796936e-02 1.388455480337142944e-01 1.856474280357360840e-01 1.903276145458221436e-01 1.560062356293201447e-02 6.396255642175674438e-02
1.096491217613220215e-01 6.432748585939407349e-02 5.701754242181777954e-02 7.309941947460174561e-02 2.426900565624237061e-01 3.947368264198303223e-02 2.748537957668304443e-01 1.388888955116271973e-01
3.300330042839050293e-01 2.244224548339843750e-01 1.650165021419525146e-02 1.617161780595779419e-01 1.089108958840370178e-01 2.310231141746044159e-02 3.300330135971307755e-03 1.320132017135620117e-01
9.343065321445465088e-02 2.175182402133941650e-01 7.153284549713134766e-02 7.007299363613128662e-02 2.379561960697174072e-01 1.328467130661010742e-01 6.423357129096984863e-02 1.124087572097778320e-01
3.541666865348815918e-01 1.208333373069763184e-01 6.666667014360427856e-02 1.416666805744171143e-01 9.166666865348815918e-02 4.166666883975267410e-03 4.583333432674407959e-02 1.750000119209289551e-01
2.262443602085113525e-01 2.579185664653778076e-01 9.049774147570133209e-03 1.674208194017410278e-01 1.628959327936172485e-01 3.619909659028053284e-02 1.809954829514026642e-02 1.221719533205032349e-01
3.227848112583160400e-01 1.930379867553710938e-01 1.265822816640138626e-02 1.930379867553710938e-01 1.234177276492118835e-01 1.898734271526336670e-02 3.164557041600346565e-03 1.329113990068435669e-01
1.356643438339233398e-01 1.580419689416885376e-01 5.174825340509414673e-02 1.090909168124198914e-01 1.888111978769302368e-01 1.244755312800407410e-01 1.174825206398963928e-01 1.146853193640708923e-01
1.815754473209381104e-01 1.321762353181838989e-01 4.672897234559059143e-02 1.214953288435935974e-01 3.004005551338195801e-01 8.544726669788360596e-02 2.803738415241241455e-02 1.041388586163520813e-01
1.196911185979843140e-01 6.563706696033477783e-02 4.440154507756233215e-02 3.861003741621971130e-02 3.938223719596862793e-01 7.528957724571228027e-02 7.722007576376199722e-03 2.548262476921081543e-01
1.149425283074378967e-01 1.787994801998138428e-01 1.532567013055086136e-02 1.277139186859130859e-01 2.311621904373168945e-01 1.890165954828262329e-01 2.298850566148757935e-02 1.200510859489440918e-01
2.189239412546157837e-01 3.432281911373138428e-01 5.936920270323753357e-02 1.706864535808563232e-01 7.606679201126098633e-02 5.380333960056304932e-02 1.113172527402639389e-02 6.679034978151321411e-02
1.826741993427276611e-01 2.128060162067413330e-01 5.273069441318511963e-02 3.954802080988883972e-02 1.789077222347259521e-01 1.355932205915451050e-01 6.779661029577255249e-02 1.299435049295425415e-01
1.061843633651733398e-01 1.808634847402572632e-01 2.683780714869499207e-02 8.284714072942733765e-02 2.555426061153411865e-01 1.750291734933853149e-01 1.983663998544216156e-02 1.528588086366653442e-01
2.537067532539367676e-01 7.578253746032714844e-02 6.095551699399948120e-02 1.350906044244766235e-01 1.070840209722518921e-01 2.800658904016017914e-02 2.586490809917449951e-01 8.072487264871597290e-02
1.481481492519378662e-01 2.865497171878814697e-01 1.754385977983474731e-02 8.966861665248870850e-02 1.929824650287628174e-01 1.676413267850875854e-01 3.898635506629943848e-03 9.356725215911865234e-02
2.017167359590530396e-01 2.188841253519058228e-01 6.008583679795265198e-02 1.545064449310302734e-01 1.802575141191482544e-01 6.437768042087554932e-02 0.000000000000000000e+00 1.201716735959053040e-01
1.842575967311859131e-01 1.645796000957489014e-01 4.472271725535392761e-02 1.449016034603118896e-01 3.023255765438079834e-01 1.788908801972866058e-02 3.041144832968711853e-02 1.109123378992080688e-01
2.197092175483703613e-01 2.358642965555191040e-01 4.523424804210662842e-02 1.486268192529678345e-01 1.421647816896438599e-01 1.211631670594215393e-01 3.069466911256313324e-02 5.654281377792358398e-02
1.895551383495330811e-01 8.510638773441314697e-02 7.350096851587295532e-02 1.276595741510391235e-01 2.804642319679260254e-01 3.288201242685317993e-02 7.930367439985275269e-02 1.315280497074127197e-01
1.049382686614990234e-01 1.836419701576232910e-01 6.790123879909515381e-02 6.944444775581359863e-02 2.191358059644699097e-01 2.098765373229980469e-01 5.092592537403106689e-02 9.413580596446990967e-02
2.275362461805343628e-01 2.840579748153686523e-01 5.652173981070518494e-02 7.536232471466064453e-02 1.304347813129425049e-01 8.260869979858398438e-02 2.463768236339092255e-02 1.188405826687812805e-01
3.469387888908386230e-01 2.332361638545989990e-01 2.915452048182487488e-02 1.107871755957603455e-01 1.457726061344146729e-01 2.332361601293087006e-02 2.915452001616358757e-03 1.078717261552810669e-01
2.560000121593475342e-01 3.060000240802764893e-01 5.000000074505805969e-02 1.180000081658363342e-01 1.000000014901161194e-01 3.600000217556953430e-02 2.200000174343585968e-02 1.120000034570693970e-01
1.657397001981735229e-01 8.898776024580001831e-02 2.335928753018379211e-02 4.115683957934379578e-02 2.869855165481567383e-01 1.067853122949600220e-01 4.783092066645622253e-02 2.391546070575714111e-01
1.517857164144515991e-01 3.035714328289031982e-01 6.696429103612899780e-03 3.794642910361289978e-02 1.696428656578063965e-01 2.767857313156127930e-01 0.000000000000000000e+00 5.357143282890319824e-02
3.215258717536926270e-01 1.634877324104309082e-01 7.356948405504226685e-02 8.174386620521545410e-02 1.498637646436691284e-01 2.452316135168075562e-02 4.632152616977691650e-02 1.389645785093307495e-01
1.742857098579406738e-01 2.028571367263793945e-01 1.857142895460128784e-02 1.400000005960464478e-01 1.899999976158142090e-01 1.771428585052490234e-01 4.285714123398065567e-03 9.285714477300643921e-02
3.165048658847808838e-01 1.067961156368255615e-01 5.825242772698402405e-02 1.902912706136703491e-01 1.029126271605491638e-01 1.747572794556617737e-02 1.223300993442535400e-01 8.543689548969268799e-02
1.504787951707839966e-01 1.874145120382308960e-01 1.915184780955314636e-02 7.934337109327316284e-02 2.612859308719635010e-01 1.436388641595840454e-01 9.575923904776573181e-03 1.491108089685440063e-01
7.575757801532745361e-02 4.329004287719726562e-01 9.956710040569305420e-02 4.112553969025611877e-02 9.956710040569305420e-02 1.277056336402893066e-01 3.030303120613098145e-02 9.307359158992767334e-02
1.762208193540573120e-01 2.802547812461853027e-01 3.184713423252105713e-02 3.184713423252105713e-02 1.146496906876564026e-01 2.526539266109466553e-01 2.972399257123470306e-02 8.280254900455474854e-02
7.285974174737930298e-02 2.149362415075302124e-01 5.828779563307762146e-02 3.642987087368965149e-02 3.479052782058715820e-01 6.193078309297561646e-02 9.107467718422412872e-03 1.985428035259246826e-01
2.946954965591430664e-01 1.964636519551277161e-02 3.732809424400329590e-02 1.060903742909431458e-01 8.055010437965393066e-02 1.964636519551277161e-02 3.870334029197692871e-01 5.500982701778411865e-02
2.746113836765289307e-01 6.994818150997161865e-02 2.849740907549858093e-02 1.761658042669296265e-01 1.321243494749069214e-01 1.036269403994083405e-02 2.124352306127548218e-01 9.585492312908172607e-02
1.343490332365036011e-01 1.606648117303848267e-01 1.523545663803815842e-02 6.232686713337898254e-02 2.188365608453750610e-01 2.700830996036529541e-01 1.523545663803815842e-02 1.232686936855316162e-01
2.520833611488342285e-01 3.000000119209289551e-01 4.375000298023223877e-02 1.708333492279052734e-01 1.020833402872085571e-01 5.000000447034835815e-02 8.333333767950534821e-03 7.291667163372039795e-02
1.357466131448745728e-01 1.877828091382980347e-01 3.054298833012580872e-02 8.484163135290145874e-02 2.036199122667312622e-01 1.730769276618957520e-01 4.185520485043525696e-02 1.425339430570602417e-01
1.255060732364654541e-01 1.686909496784210205e-01 1.214574836194515228e-02 9.581646323204040527e-02 2.739540934562683105e-01 2.010796219110488892e-01 9.446693584322929382e-03 1.133603230118751526e-01
2.422680407762527466e-01 1.013745740056037903e-01 4.810996726155281067e-02 1.683848798274993896e-01 1.082474216818809509e-01 2.233676984906196594e-02 2.130584269762039185e-01 9.621993452310562134e-02
3.034591078758239746e-01 6.603773683309555054e-02 5.031446367502212524e-02 1.084905639290809631e-01 9.276729077100753784e-02 2.830188535153865814e-02 2.594339549541473389e-01 9.119496494531631470e-02
3.752417862415313721e-01 1.025145128369331360e-01 1.044487431645393372e-01 5.029013752937316895e-02 1.315280497074127197e-01 1.934236101806163788e-02 7.543520629405975342e-02 1.411992311477661133e-01
1.749663501977920532e-01 2.261103540658950806e-01 2.153431996703147888e-02 6.594885140657424927e-02 2.328398376703262329e-01 9.690444171428680420e-02 4.845222085714340210e-02 1.332436054944992065e-01
2.037037014961242676e-01 1.402116417884826660e-01 4.232804104685783386e-02 3.174602985382080078e-02 2.195767164230346680e-01 2.037037014961242676e-01 3.174602985382080078e-02 1.269841194152832031e-01
8.521970361471176147e-02 1.677762866020202637e-01 6.125166267156600952e-02 1.597869396209716797e-01 2.263648360967636108e-01 1.557922661304473877e-01 1.864181086421012878e-02 1.251664459705352783e-01
1.024967133998870850e-01 1.668856739997863770e-01 5.781865864992141724e-02 1.366622895002365112e-01 1.760841012001037598e-01 2.049934267997741699e-01 3.942181169986724854e-02 1.156373172998428345e-01
1.358609795570373535e-01 2.053712457418441772e-01 2.053712494671344757e-02 2.211690321564674377e-02 2.859399616718292236e-01 2.527646124362945557e-01 4.739336669445037842e-03 7.266982644796371460e-02
2.064676582813262939e-01 1.915422827005386353e-01 2.611940205097198486e-01 1.641791015863418579e-01 9.452736377716064453e-02 1.990049704909324646e-02 2.487562131136655807e-03 5.970149114727973938e-02
1.787439584732055664e-01 2.512077391147613525e-01 2.415458858013153076e-02 1.256038695573806763e-01 1.884057968854904175e-01 7.246376574039459229e-02 1.449275389313697815e-02 1.449275314807891846e-01
9.010601043701171875e-02 1.537102460861206055e-01 7.773851603269577026e-02 4.593639448285102844e-02 3.233215510845184326e-01 1.236749142408370972e-01 2.296819724142551422e-02 1.625441759824752808e-01
1.638417989015579224e-01 1.657250374555587769e-01 8.851224184036254883e-02 1.638417989015579224e-01 1.374764591455459595e-01 7.344632595777511597e-02 4.896421730518341064e-02 1.581920832395553589e-01
9.746835380792617798e-02 1.898734122514724731e-01 2.531645633280277252e-02 7.215189933776855469e-02 2.075949311256408691e-01 2.772151827812194824e-01 2.784810215234756470e-02 1.025316491723060608e-01
1.803652942180633545e-01 1.803652942180633545e-01 1.027397215366363525e-01 7.534246146678924561e-02 2.374429106712341309e-01 9.360729902982711792e-02 2.968036383390426636e-02 1.004566177725791931e-01
2.954545617103576660e-01 7.575757801532745361e-03 3.030303120613098145e-02 6.060606241226196289e-02 2.651515230536460876e-02 3.787878900766372681e-03 3.977272808551788330e-01 1.780303120613098145e-01
1.010701507329940796e-01 1.795481592416763306e-01 6.777645647525787354e-02 5.588584765791893005e-02 1.938168853521347046e-01 2.271105796098709106e-01 6.896551698446273804e-02 1.058263927698135376e-01
1.834774166345596313e-01 1.556195914745330811e-01 2.785782888531684875e-02 5.763688683509826660e-02 2.459173798561096191e-01 1.200768426060676575e-01 2.401536889374256134e-02 1.853986531496047974e-01
2.040133774280548096e-01 1.850613206624984741e-01 2.675585448741912842e-02 6.354515254497528076e-02 2.530657947063446045e-01 7.803790271282196045e-02 3.678929805755615234e-02 1.527313292026519775e-01
1.116751283407211304e-01 1.201353594660758972e-01 7.614213228225708008e-02 8.291032165288925171e-02 3.282571732997894287e-01 7.445008307695388794e-02 2.030456811189651489e-02 1.861252039670944214e-01
1.676082760095596313e-01 3.050847351551055908e-01 5.649717524647712708e-02 1.073446273803710938e-01 1.468926519155502319e-01 6.214689090847969055e-02 5.649717524647712708e-02 9.792843461036682129e-02
3.152174055576324463e-01 2.427536249160766602e-01 2.536232024431228638e-02 1.050724685192108154e-01 1.521739214658737183e-01 2.536232024431228638e-02 0.000000000000000000e+00 1.340579688549041748e-01
9.318996220827102661e-02 6.571087241172790527e-02 3.703703731298446655e-02 1.266427636146545410e-01 2.640382349491119385e-01 1.792114675045013428e-01 2.508960478007793427e-02 2.090800404548645020e-01
1.727493852376937866e-01 3.260340690612792969e-01 1.094890534877777100e-01 1.192214116454124451e-01 1.338199526071548462e-01 2.433089911937713623e-02 1.459854003041982651e-02 9.975668787956237793e-02
2.861736416816711426e-01 1.832797378301620483e-01 3.858520835638046265e-02 2.186495065689086914e-01 1.382636576890945435e-01 2.572347223758697510e-02 3.215434029698371887e-03 1.061093211174011230e-01
1.120689660310745239e-01 1.103448271751403809e-01 2.413793094456195831e-02 1.551724076271057129e-01 2.724137902259826660e-01 1.241379305720329285e-01 4.827586188912391663e-02 1.534482687711715698e-01
1.875000000000000000e-01 1.063829753547906876e-02 6.648936122655868530e-02 1.329787191934883595e-03 3.949467837810516357e-01 4.654255136847496033e-02 5.319148674607276917e-02 2.393616884946823120e-01
1.898928135633468628e-01 1.898928135633468628e-01 4.134762659668922424e-02 4.747320339083671570e-02 1.883614212274551392e-01 1.623277217149734497e-01 2.143951132893562317e-02 1.592649370431900024e-01
1.553637385368347168e-01 7.151664793491363525e-02 4.192354902625083923e-02 4.192354902625083923e-02 3.600493073463439941e-01 6.658446043729782104e-02 1.356350183486938477e-01 1.270036995410919189e-01
2.250000089406967163e-01 1.550000011920928955e-01 5.000000074505805969e-02 1.466666758060455322e-01 1.383333355188369751e-01 8.833333849906921387e-02 7.166666537523269653e-02 1.250000000000000000e-01
9.634551405906677246e-02 3.039866983890533447e-01 7.142856717109680176e-02 3.986711055040359497e-02 1.212624534964561462e-01 2.275747507810592651e-01 8.305647410452365875e-03 1.312292367219924927e-01
1.800000071525573730e-01 1.120000034570693970e-01 1.760000139474868774e-01 3.240000009536743164e-01 5.400000140070915222e-02 2.400000020861625671e-02 6.200000271201133728e-02 6.800000369548797607e-02
2.744479477405548096e-01 1.577287167310714722e-01 5.047318711876869202e-02 1.861198842525482178e-01 1.167192459106445312e-01 3.785489127039909363e-02 9.779179841279983521e-02 7.886435836553573608e-02
1.915945559740066528e-01 1.532756537199020386e-01 9.641532599925994873e-02 1.236093938350677490e-01 2.027194052934646606e-01 6.551297754049301147e-02 9.023485332727432251e-02 7.663782685995101929e-02
2.071129679679870605e-01 2.259414196014404297e-01 2.510460093617439270e-02 2.071129679679870605e-01 1.527196615934371948e-01 5.230125412344932556e-02 2.092050155624747276e-03 1.276150643825531006e-01
1.274336278438568115e-01 1.929203569889068604e-01 2.300884947180747986e-02 4.247787594795227051e-02 2.176991105079650879e-01 2.672566473484039307e-01 3.539822995662689209e-03 1.256637126207351685e-01
1.347305476665496826e-01 3.128742575645446777e-01 5.538922548294067383e-02 1.077844351530075073e-01 1.601796448230743408e-01 1.047904193401336670e-01 1.047904230654239655e-02 1.137724593281745911e-01
1.204819232225418091e-01 1.686746925115585327e-01 7.831324636936187744e-02 1.204819232225418091e-01 1.907630413770675659e-01 1.024096310138702393e-01 6.024096161127090454e-02 1.586345285177230835e-01
1.212121248245239258e-01 8.901515603065490723e-02 2.840909175574779510e-02 1.079545468091964722e-01 1.969697028398513794e-01 2.784090936183929443e-01 1.609848439693450928e-02 1.619318276643753052e-01
3.157894909381866455e-01 1.595925390720367432e-01 3.395585715770721436e-02 6.112054362893104553e-02 1.511035710573196411e-01 5.093378573656082153e-02 8.658743649721145630e-02 1.409168094396591187e-01
1.513605415821075439e-01 2.278911471366882324e-01 6.802720949053764343e-03 5.952380970120429993e-02 1.802721023559570312e-01 2.074829936027526855e-01 5.102040711790323257e-03 1.615646183490753174e-01
1.322751343250274658e-01 2.248677164316177368e-01 8.201058208942413330e-02 6.084655970335006714e-02 2.724867761135101318e-01 6.878306716680526733e-02 5.555555224418640137e-02 1.031745970249176025e-01
1.160714328289031982e-01 2.083333432674407959e-01 2.827380970120429993e-02 7.738095521926879883e-02 1.964285820722579956e-01 2.291666716337203979e-01 2.678571455180644989e-02 1.175595223903656006e-01
1.431334614753723145e-01 2.707930505275726318e-01 8.897485584020614624e-02 1.218568682670593262e-01 1.489361673593521118e-01 8.123791217803955078e-02 2.321083284914493561e-02 1.218568682670593262e-01
1.362586617469787598e-01 2.263279408216476440e-01 6.697459518909454346e-02 8.314087986946105957e-02 2.471131682395935059e-01 1.108545064926147461e-01 6.928406655788421631e-03 1.224018484354019165e-01
1.711899787187576294e-01 2.045929133892059326e-01 2.922755852341651917e-02 1.377870589494705200e-01 1.878914386034011841e-01 7.306889444589614868e-02 2.713987603783607483e-02 1.691022962331771851e-01
1.054054051637649536e-01 2.554054260253906250e-01 4.594594612717628479e-02 7.702703028917312622e-02 2.486486583948135376e-01 1.378378421068191528e-01 1.621621660888195038e-02 1.135135143995285034e-01
1.890547275543212891e-01 2.089552134275436401e-01 2.487562224268913269e-02 1.592039763927459717e-01 2.089552134275436401e-01 6.467661261558532715e-02 9.950248524546623230e-03 1.343283504247665405e-01
2.526096105575561523e-01 1.691022962331771851e-01 7.098121196031570435e-02 9.812108427286148071e-02 1.649269312620162964e-01 6.889352947473526001e-02 2.296450920403003693e-02 1.524008363485336304e-01
1.402061879634857178e-01 2.350515574216842651e-01 3.917526081204414368e-02 1.154639199376106262e-01 1.938144415616989136e-01 1.195876300334930420e-01 1.237113401293754578e-02 1.443299055099487305e-01
1.656151413917541504e-01 1.561514288187026978e-01 9.779179841279983521e-02 1.955835968255996704e-01 1.577287167310714722e-01 9.621451050043106079e-02 3.627760335803031921e-02 9.463722258806228638e-02
2.911999821662902832e-01 1.296000033617019653e-01 5.439999699592590332e-02 2.303999960422515869e-01 7.999999821186065674e-02 7.039999961853027344e-02 6.719999760389328003e-02 7.679999619722366333e-02
8.265582472085952759e-02 2.384823858737945557e-01 7.181572169065475464e-02 2.547425627708435059e-01 8.536585420370101929e-02 1.517615169286727905e-01 1.490514911711215973e-02 1.002710014581680298e-01
2.981927692890167236e-01 2.530120313167572021e-01 9.337349236011505127e-02 4.819276928901672363e-02 1.204819232225418091e-01 9.036144241690635681e-03 2.108433656394481659e-02 1.566264927387237549e-01
3.012820780277252197e-01 1.153846234083175659e-01 5.341880768537521362e-02 7.478632777929306030e-02 1.239316314458847046e-01 3.846153989434242249e-02 2.115384787321090698e-01 8.119658380746841431e-02
1.021739095449447632e-01 8.260869234800338745e-02 3.369564935564994812e-02 1.402173787355422974e-01 2.499999850988388062e-01 1.782608628273010254e-01 1.956521719694137573e-02 1.934782564640045166e-01
1.962616741657257080e-01 4.322429895401000977e-01 1.168224215507507324e-02 3.037383034825325012e-02 1.471962630748748779e-01 1.238317713141441345e-01 4.672897048294544220e-03 5.373831465840339661e-02
1.251908391714096069e-01 2.381679415702819824e-01 2.442748099565505981e-02 9.465648978948593140e-02 1.832061111927032471e-01 2.183206081390380859e-01 1.984732784330844879e-02 9.618320316076278687e-02
3.283019065856933594e-01 9.433962404727935791e-02 4.905660450458526611e-02 1.547169834375381470e-01 1.584905683994293213e-01 4.150943458080291748e-02 1.056603789329528809e-01 6.792452931404113770e-02
2.804878056049346924e-01 2.756097614765167236e-01 4.390243813395500183e-02 1.951219439506530762e-01 7.804878056049346924e-02 6.585365533828735352e-02 7.317073177546262741e-03 5.365853756666183472e-02
1.975524425506591797e-01 1.031468510627746582e-01 8.566433191299438477e-02 1.241258755326271057e-01 2.097901999950408936e-01 5.244754999876022339e-02 1.206293702125549316e-01 1.066433563828468323e-01
2.313117086887359619e-01 2.256699651479721069e-02 3.385049477219581604e-02 7.475317269563674927e-02 1.466854810714721680e-01 8.462623693048954010e-03 4.217207431793212891e-01 6.064880266785621643e-02
1.734104007482528687e-01 2.967244684696197510e-01 1.156069338321685791e-02 6.743738055229187012e-02 1.965318024158477783e-01 1.502890139818191528e-01 9.633911773562431335e-03 9.441233426332473755e-02
1.054852306842803955e-01 2.039381116628646851e-01 3.938115388154983521e-02 6.329113990068435669e-02 1.744022518396377563e-01 2.151898741722106934e-01 4.641349986195564270e-02 1.518987268209457397e-01
2.382671535015106201e-01 9.566786885261535645e-02 1.028880849480628967e-01 1.624548733234405518e-01 9.927798062562942505e-02 3.971119225025177002e-02 1.353790611028671265e-01 1.263537853956222534e-01
2.384473234415054321e-01 2.772643230855464935e-02 4.990758001804351807e-02 2.125693261623382568e-01 2.273567467927932739e-01 3.327171877026557922e-02 1.127541586756706238e-01 9.796673059463500977e-02
1.240157485008239746e-01 3.208661377429962158e-01 5.511811003088951111e-02 5.905511975288391113e-02 1.496063023805618286e-01 1.437007933855056763e-01 4.527559131383895874e-02 1.023622006177902222e-01
8.963911980390548706e-02 1.769499480724334717e-01 1.396973244845867157e-02 5.122235417366027832e-02 2.596041858196258545e-01 2.002328336238861084e-01 3.492433205246925354e-02 1.734575182199478149e-01
1.769759505987167358e-01 2.319587618112564087e-01 4.810996726155281067e-02 1.168384924530982971e-01 1.804123669862747192e-01 9.450171887874603271e-02 1.030927896499633789e-02 1.408934742212295532e-01
1.820175498723983765e-01 2.631579041481018066e-01 5.043859779834747314e-02 0.000000000000000000e+00 1.425438672304153442e-01 5.482456088066101074e-02 4.166666790843009949e-02 2.653508782386779785e-01
1.196877732872962952e-01 8.759757131338119507e-02 2.688638307154178619e-02 8.326105773448944092e-02 3.677363395690917969e-01 6.418039649724960327e-02 1.162185594439506531e-01 1.344319134950637817e-01
2.267536669969558716e-01 1.484502404928207397e-01 4.241435602307319641e-02 2.120717763900756836e-01 1.370309889316558838e-01 7.830342650413513184e-02 1.957585662603378296e-02 1.353996694087982178e-01
1.366906464099884033e-01 1.031175106763839722e-01 9.592325985431671143e-02 5.179856419563293457e-01 5.035971477627754211e-02 1.918465271592140198e-02 5.035971477627754211e-02 2.637889795005321503e-02
1.245353147387504578e-01 1.691449731588363647e-01 2.973977662622928619e-02 1.152416318655014038e-01 2.769516706466674805e-01 1.449814140796661377e-01 3.903345763683319092e-02 1.003717482089996338e-01
2.464646548032760620e-01 2.020202130079269409e-01 5.454545840620994568e-02 4.444444552063941956e-02 2.383838444948196411e-01 3.838384151458740234e-02 3.030303120613098145e-02 1.454545557498931885e-01
2.234432250261306763e-01 2.271062284708023071e-01 5.860805884003639221e-02 1.465201526880264282e-01 1.465201526880264282e-01 6.959707289934158325e-02 1.465201471000909805e-02 1.135531142354011536e-01
6.485671550035476685e-02 2.126696854829788208e-01 6.938160210847854614e-02 1.025641039013862610e-01 2.639517486095428467e-01 1.432880908250808716e-01 4.524886980652809143e-02 9.803921729326248169e-02
