5.881117284297943115e-02 4.643982350826263428e-01 8.128544688224792480e-02 1.014492735266685486e-01 8.527620136737823486e-02 7.225372642278671265e-02 5.902121588587760925e-02 7.750472426414489746e-02
7.099349051713943481e-02 3.950850665569305420e-01 1.018693521618843079e-01 7.624448835849761963e-02 6.952320784330368042e-02 9.178744256496429443e-02 6.301197409629821777e-02 1.314849853515625000e-01
6.364209204912185669e-02 4.986347258090972900e-01 7.225372642278671265e-02 7.960512489080429077e-02 6.574249267578125000e-02 7.624448835849761963e-02 6.469228863716125488e-02 7.918504625558853149e-02
5.419029667973518372e-02 5.992438793182373047e-01 5.545053631067276001e-02 5.860113352537155151e-02 4.242806136608123779e-02 3.024574741721153259e-02 7.750472426414489746e-02 8.233564347028732300e-02
1.041797921061515808e-01 4.994749128818511963e-01 5.545053631067276001e-02 8.107540756464004517e-02 6.343205273151397705e-02 6.889308989048004150e-02 6.889308989048004150e-02 5.860113352537155151e-02
9.325771778821945190e-02 3.980256319046020508e-01 1.102709546685218811e-01 7.456416636705398560e-02 6.700272858142852783e-02 8.548624068498611450e-02 6.175173446536064148e-02 1.096408292651176453e-01
6.973324716091156006e-02 5.876916646957397461e-01 4.431841894984245300e-02 5.734089389443397522e-02 5.671077594161033630e-02 3.696702420711517334e-02 7.729468494653701782e-02 6.994328647851943970e-02
6.238185241818428040e-02 5.826507210731506348e-01 8.044528216123580933e-02 5.881117284297943115e-02 4.767905920743942261e-02 3.759714215993881226e-02 5.208989605307579041e-02 7.834488898515701294e-02
1.117412298917770386e-01 3.404746949672698975e-01 1.029195562005043030e-01 8.401596546173095703e-02 7.204368710517883301e-02 9.052719920873641968e-02 8.002520352602005005e-02 1.182524710893630981e-01
5.881117284297943115e-02 5.887418389320373535e-01 7.729468494653701782e-02 4.095778241753578186e-02 4.263810068368911743e-02 3.150598704814910889e-02 6.553245335817337036e-02 9.451796114444732666e-02
7.456416636705398560e-02 5.593362450599670410e-01 5.671077594161033630e-02 6.154169142246246338e-02 5.040957778692245483e-02 3.465658426284790039e-02 7.540432363748550415e-02 8.737660199403762817e-02
5.797101557254791260e-02 5.822306275367736816e-01 8.506616204977035522e-02 4.914933815598487854e-02 4.368830099701881409e-02 3.087586723268032074e-02 5.776097625494003296e-02 9.325771778821945190e-02
8.653644472360610962e-02 4.228103458881378174e-01 7.918504625558853149e-02 8.464608341455459595e-02 8.002520352602005005e-02 1.092207506299018860e-01 5.166981741786003113e-02 8.590631932020187378e-02
6.700272858142852783e-02 4.396135210990905762e-01 9.808863699436187744e-02 7.414408773183822632e-02 7.057341188192367554e-02 8.275572210550308228e-02 6.469228863716125488e-02 1.031295955181121826e-01
5.587061494588851929e-02 5.166981816291809082e-01 8.023524284362792969e-02 6.784289330244064331e-02 5.713085457682609558e-02 6.574249267578125000e-02 7.981516420841217041e-02 7.666456699371337891e-02
7.372400909662246704e-02 3.973954916000366211e-01 1.058601140975952148e-01 7.708464562892913818e-02 7.078345119953155518e-02 8.401596546173095703e-02 7.309389114379882812e-02 1.180424317717552185e-01
1.024994775652885437e-01 4.673388004302978516e-01 5.902121588587760925e-02 8.548624068498611450e-02 6.553245335817337036e-02 7.834488898515701294e-02 7.750472426414489746e-02 6.427221000194549561e-02
7.288384437561035156e-02 5.162780880928039551e-01 7.141356915235519409e-02 6.448224931955337524e-02 6.868305057287216187e-02 6.973324716091156006e-02 6.406217068433761597e-02 7.246376574039459229e-02
7.834488898515701294e-02 3.614786863327026367e-01 9.115731716156005859e-02 1.209829896688461304e-01 7.141356915235519409e-02 7.477420568466186523e-02 6.343205273151397705e-02 1.384163051843643188e-01
7.981516420841217041e-02 4.732199013233184814e-01 4.893929883837699890e-02 1.052299961447715759e-01 8.821675926446914673e-02 7.057341188192367554e-02 6.406217068433761597e-02 6.994328647851943970e-02
8.863683789968490601e-02 3.604284822940826416e-01 9.619827568531036377e-02 8.989708125591278076e-02 7.288384437561035156e-02 9.178744256496429443e-02 8.863683789968490601e-02 1.115311905741691589e-01
6.532241404056549072e-02 5.614366531372070312e-01 5.587061494588851929e-02 6.637261062860488892e-02 5.902121588587760925e-02 4.284814000129699707e-02 6.028145179152488708e-02 8.884687721729278564e-02
6.616257131099700928e-02 5.257298946380615234e-01 6.658264994621276855e-02 5.545053631067276001e-02 6.091157346963882446e-02 4.494854062795639038e-02 7.624448835849761963e-02 1.039697527885437012e-01
7.687460631132125854e-02 4.530560672283172607e-01 9.367779642343521118e-02 8.170552551746368408e-02 6.637261062860488892e-02 6.763284653425216675e-02 6.994328647851943970e-02 9.073723852634429932e-02
5.566057562828063965e-02 4.631379842758178711e-01 7.141356915235519409e-02 1.214030683040618896e-01 7.582440972328186035e-02 5.986137315630912781e-02 6.553245335817337036e-02 8.716656267642974854e-02
5.776097625494003296e-02 5.904221534729003906e-01 7.141356915235519409e-02 5.398025736212730408e-02 5.019953846931457520e-02 4.767905920743942261e-02 5.229993537068367004e-02 7.624448835849761963e-02
5.293005704879760742e-02 5.591262578964233398e-01 8.737660199403762817e-02 4.095778241753578186e-02 4.557865858078002930e-02 4.284814000129699707e-02 7.288384437561035156e-02 9.829867631196975708e-02
6.952320784330368042e-02 5.547153949737548828e-01 8.716656267642974854e-02 5.082965642213821411e-02 5.124973878264427185e-02 3.213610500097274780e-02 5.839109420776367188e-02 9.598823636770248413e-02
5.250997841358184814e-02 5.626969337463378906e-01 8.779668062925338745e-02 3.318630531430244446e-02 4.032766073942184448e-02 3.591682389378547668e-02 8.737660199403762817e-02 1.001890376210212708e-01
5.692081525921821594e-02 5.839109420776367188e-01 5.566057562828063965e-02 5.545053631067276001e-02 5.440033599734306335e-02 5.124973878264427185e-02 6.112161278724670410e-02 8.128544688224792480e-02
8.779668062925338745e-02 3.881537616252899170e-01 9.808863699436187744e-02 7.792480289936065674e-02 6.469228863716125488e-02 9.157740324735641479e-02 7.309389114379882812e-02 1.186725497245788574e-01
7.813484221696853638e-02 4.738500416278839111e-01 7.393404841423034668e-02 9.136735647916793823e-02 7.813484221696853638e-02 7.540432363748550415e-02 6.070153415203094482e-02 6.847301125526428223e-02
7.414408773183822632e-02 3.990758359432220459e-01 9.283763915300369263e-02 8.989708125591278076e-02 6.742280721664428711e-02 8.821675926446914673e-02 6.763284653425216675e-02 1.207729503512382507e-01
7.729468494653701782e-02 4.749002456665039062e-01 7.036337256431579590e-02 9.346775710582733154e-02 7.876496762037277222e-02 6.805293262004852295e-02 6.658264994621276855e-02 7.057341188192367554e-02
7.540432363748550415e-02 3.553875088691711426e-01 1.077504754066467285e-01 9.451796114444732666e-02 8.443604409694671631e-02 1.012392342090606689e-01 6.931316852569580078e-02 1.119512692093849182e-01
6.154169142246246338e-02 6.244486570358276367e-01 6.175173446536064148e-02 4.389834031462669373e-02 4.830917716026306152e-02 4.641881957650184631e-02 5.124973878264427185e-02 6.238185241818428040e-02
8.296576142311096191e-02 4.585171043872833252e-01 8.611635863780975342e-02 7.624448835849761963e-02 6.469228863716125488e-02 9.136735647916793823e-02 5.124973878264427185e-02 8.884687721729278564e-02
5.061961710453033447e-02 5.135475993156433105e-01 8.863683789968490601e-02 6.658264994621276855e-02 5.755093321204185486e-02 6.889308989048004150e-02 6.028145179152488708e-02 9.388783574104309082e-02
5.839109420776367188e-02 4.612476229667663574e-01 8.275572210550308228e-02 9.892879426479339600e-02 9.304767847061157227e-02 6.994328647851943970e-02 6.133165210485458374e-02 7.435412704944610596e-02
6.154169142246246338e-02 4.870825409889221191e-01 6.973324716091156006e-02 1.027095168828964233e-01 9.115731716156005859e-02 7.015332579612731934e-02 5.881117284297943115e-02 5.881117284297943115e-02
9.283763915300369263e-02 3.453056216239929199e-01 1.060701534152030945e-01 7.876496762037277222e-02 8.611635863780975342e-02 1.138416305184364319e-01 7.204368710517883301e-02 1.050199568271636963e-01
8.422600477933883667e-02 4.702793657779693604e-01 6.658264994621276855e-02 1.054400354623794556e-01 6.805293262004852295e-02 6.952320784330368042e-02 6.784289330244064331e-02 6.805293262004852295e-02
7.666456699371337891e-02 3.696702420711517334e-01 1.153119057416915894e-01 8.569628000259399414e-02 7.456416636705398560e-02 8.191556483507156372e-02 7.141356915235519409e-02 1.247637048363685608e-01
8.569628000259399414e-02 3.973954916000366211e-01 9.367779642343521118e-02 8.380592614412307739e-02 7.519428431987762451e-02 7.519428431987762451e-02 7.288384437561035156e-02 1.161520704627037048e-01
7.414408773183822632e-02 5.089266896247863770e-01 5.881117284297943115e-02 9.346775710582733154e-02 7.708464562892913818e-02 6.595253199338912964e-02 6.700272858142852783e-02 5.461037531495094299e-02
7.309389114379882812e-02 4.578869938850402832e-01 5.923125520348548889e-02 1.054400354623794556e-01 8.611635863780975342e-02 7.351396977901458740e-02 6.805293262004852295e-02 7.666456699371337891e-02
6.406217068433761597e-02 4.780508279800415039e-01 7.414408773183822632e-02 9.199748188257217407e-02 7.750472426414489746e-02 7.624448835849761963e-02 5.944129452109336853e-02 7.855492830276489258e-02
7.246376574039459229e-02 3.778617978096008301e-01 1.113211512565612793e-01 8.779668062925338745e-02 7.582440972328186035e-02 9.913883358240127563e-02 7.036337256431579590e-02 1.052299961447715759e-01
5.965133383870124817e-02 5.059861540794372559e-01 7.204368710517883301e-02 7.666456699371337891e-02 6.784289330244064331e-02 7.267380505800247192e-02 6.154169142246246338e-02 8.359588682651519775e-02
9.766855835914611816e-02 3.385843336582183838e-01 1.148918271064758301e-01 9.094727784395217896e-02 7.141356915235519409e-02 7.855492830276489258e-02 7.918504625558853149e-02 1.287544667720794678e-01
1.033396348357200623e-01 3.434152603149414062e-01 1.027095168828964233e-01 9.115731716156005859e-02 7.351396977901458740e-02 1.287544667720794678e-01 6.091157346963882446e-02 9.619827568531036377e-02
7.246376574039459229e-02 4.026465117931365967e-01 1.043898314237594604e-01 8.275572210550308228e-02 7.645452767610549927e-02 7.708464562892913818e-02 6.931316852569580078e-02 1.148918271064758301e-01
8.359588682651519775e-02 5.870615243911743164e-01 4.746901988983154297e-02 6.049149483442306519e-02 4.515857994556427002e-02 2.184415049850940704e-02 7.057341188192367554e-02 8.380592614412307739e-02
6.238185241818428040e-02 5.662676095962524414e-01 5.734089389443397522e-02 6.427221000194549561e-02 5.755093321204185486e-02 4.200798273086547852e-02 6.133165210485458374e-02 8.884687721729278564e-02
6.931316852569580078e-02 5.068262815475463867e-01 9.031715989112854004e-02 7.036337256431579590e-02 5.818105489015579224e-02 7.477420568466186523e-02 7.372400909662246704e-02 5.650073662400245667e-02
8.002520352602005005e-02 4.935937821865081787e-01 5.860113352537155151e-02 1.018693521618843079e-01 7.288384437561035156e-02 6.196177378296852112e-02 6.511237472295761108e-02 6.595253199338912964e-02
1.003990769386291504e-01 3.528670370578765869e-01 1.012392342090606689e-01 9.829867631196975708e-02 7.561437040567398071e-02 9.577819705009460449e-02 7.813484221696853638e-02 9.766855835914611816e-02
4.830917716026306152e-02 6.269690990447998047e-01 7.624448835849761963e-02 4.053770378232002258e-02 4.788909852504730225e-02 5.398025736212730408e-02 4.158790037035942078e-02 6.448224931955337524e-02
6.553245335817337036e-02 5.866414904594421387e-01 4.368830099701881409e-02 6.700272858142852783e-02 5.524049699306488037e-02 2.436462976038455963e-02 7.099349051713943481e-02 8.653644472360610962e-02
9.220752120018005371e-02 3.623188436031341553e-01 9.808863699436187744e-02 9.430792182683944702e-02 6.511237472295761108e-02 1.003990769386291504e-01 5.986137315630912781e-02 1.277042627334594727e-01
6.448224931955337524e-02 4.049569368362426758e-01 9.955891966819763184e-02 7.309389114379882812e-02 7.351396977901458740e-02 9.430792182683944702e-02 7.057341188192367554e-02 1.195127069950103760e-01
6.952320784330368042e-02 3.568578064441680908e-01 1.102709546685218811e-01 9.598823636770248413e-02 8.212560415267944336e-02 8.989708125591278076e-02 7.288384437561035156e-02 1.224532648921012878e-01
6.364209204912185669e-02 5.066162347793579102e-01 8.170552551746368408e-02 6.595253199338912964e-02 6.028145179152488708e-02 7.309389114379882812e-02 6.952320784330368042e-02 7.918504625558853149e-02
7.771476358175277710e-02 5.141776800155639648e-01 6.952320784330368042e-02 7.687460631132125854e-02 6.637261062860488892e-02 7.393404841423034668e-02 6.385213136672973633e-02 5.755093321204185486e-02
6.238185241818428040e-02 5.509346723556518555e-01 8.821675926446914673e-02 6.553245335817337036e-02 5.860113352537155151e-02 3.003570623695850372e-02 5.797101557254791260e-02 8.632640540599822998e-02
5.335013568401336670e-02 5.956732034683227539e-01 5.986137315630912781e-02 4.935937747359275818e-02 4.746901988983154297e-02 3.990758210420608521e-02 7.015332579612731934e-02 8.422600477933883667e-02
5.061961710453033447e-02 5.337114334106445312e-01 1.186725497245788574e-01 4.683889821171760559e-02 5.482041463255882263e-02 3.948750346899032593e-02 4.158790037035942078e-02 1.142617091536521912e-01
6.154169142246246338e-02 5.406427383422851562e-01 9.178744256496429443e-02 6.658264994621276855e-02 5.545053631067276001e-02 3.129594773054122925e-02 5.082965642213821411e-02 1.018693521618843079e-01
7.666456699371337891e-02 4.833018183708190918e-01 7.099349051713943481e-02 8.968704193830490112e-02 7.078345119953155518e-02 6.490232795476913452e-02 5.860113352537155151e-02 8.506616204977035522e-02
5.587061494588851929e-02 6.080655455589294434e-01 4.998949915170669556e-02 4.263810068368911743e-02 5.923125520348548889e-02 4.137786105275154114e-02 7.183364778757095337e-02 7.099349051713943481e-02
8.149548619985580444e-02 3.707204461097717285e-01 1.027095168828964233e-01 8.044528216123580933e-02 7.771476358175277710e-02 1.056500747799873352e-01 6.553245335817337036e-02 1.157319918274879456e-01
6.448224931955337524e-02 4.671287536621093750e-01 8.170552551746368408e-02 7.099349051713943481e-02 6.196177378296852112e-02 6.931316852569580078e-02 7.393404841423034668e-02 1.104809939861297607e-01
6.217181310057640076e-02 4.896030128002166748e-01 5.923125520348548889e-02 9.094727784395217896e-02 6.448224931955337524e-02 6.553245335817337036e-02 6.763284653425216675e-02 1.003990769386291504e-01
6.427221000194549561e-02 5.834908485412597656e-01 6.196177378296852112e-02 5.965133383870124817e-02 5.461037531495094299e-02 5.713085457682609558e-02 5.398025736212730408e-02 6.490232795476913452e-02
8.254568278789520264e-02 5.834908485412597656e-01 4.872925952076911926e-02 6.427221000194549561e-02 5.124973878264427185e-02 2.499474957585334778e-02 6.910312920808792114e-02 7.561437040567398071e-02
6.553245335817337036e-02 6.156269907951354980e-01 4.305817931890487671e-02 5.145977810025215149e-02 4.683889821171760559e-02 2.688510902225971222e-02 7.645452767610549927e-02 7.414408773183822632e-02
3.570678457617759705e-02 6.212980747222900391e-01 6.112161278724670410e-02 4.872925952076911926e-02 4.662885889410972595e-02 6.427221000194549561e-02 5.503045395016670227e-02 6.721276789903640747e-02
8.044528216123580933e-02 5.116572380065917969e-01 8.611635863780975342e-02 6.868305057287216187e-02 5.755093321204185486e-02 4.221802204847335815e-02 5.503045395016670227e-02 9.829867631196975708e-02
6.196177378296852112e-02 4.001260101795196533e-01 1.134215518832206726e-01 6.994328647851943970e-02 7.246376574039459229e-02 1.010291948914527893e-01 6.637261062860488892e-02 1.146817877888679504e-01
1.031295955181121826e-01 3.593782782554626465e-01 9.682840108871459961e-02 9.220752120018005371e-02 7.813484221696853638e-02 9.115731716156005859e-02 7.540432363748550415e-02 1.037597134709358215e-01
7.372400909662246704e-02 5.036756992340087891e-01 4.956941679120063782e-02 1.031295955181121826e-01 7.309389114379882812e-02 7.288384437561035156e-02 5.818105489015579224e-02 6.574249267578125000e-02
7.162360846996307373e-02 4.345725774765014648e-01 9.178744256496429443e-02 6.742280721664428711e-02 6.868305057287216187e-02 8.170552551746368408e-02 6.406217068433761597e-02 1.201428249478340149e-01
6.133165210485458374e-02 4.719596803188323975e-01 8.779668062925338745e-02 7.036337256431579590e-02 7.456416636705398560e-02 8.422600477933883667e-02 7.120352983474731445e-02 7.855492830276489258e-02
5.902121588587760925e-02 4.247007071971893311e-01 1.056500747799873352e-01 8.233564347028732300e-02 6.994328647851943970e-02 8.968704193830490112e-02 6.364209204912185669e-02 1.050199568271636963e-01
6.658264994621276855e-02 5.301406979560852051e-01 6.343205273151397705e-02 7.813484221696853638e-02 7.351396977901458740e-02 6.154169142246246338e-02 6.364209204912185669e-02 6.301197409629821777e-02
9.871875494718551636e-02 3.639991581439971924e-01 9.388783574104309082e-02 9.577819705009460449e-02 7.750472426414489746e-02 8.170552551746368408e-02 7.372400909662246704e-02 1.146817877888679504e-01
6.364209204912185669e-02 5.977735519409179688e-01 7.372400909662246704e-02 4.620878025889396667e-02 4.389834031462669373e-02 3.633690252900123596e-02 5.250997841358184814e-02 8.590631932020187378e-02
6.049149483442306519e-02 5.387523770332336426e-01 7.477420568466186523e-02 7.099349051713943481e-02 5.208989605307579041e-02 6.196177378296852112e-02 6.931316852569580078e-02 7.162360846996307373e-02
6.658264994621276855e-02 4.742701053619384766e-01 6.217181310057640076e-02 1.140516698360443115e-01 7.288384437561035156e-02 7.309389114379882812e-02 6.007141247391700745e-02 7.687460631132125854e-02
8.842679858207702637e-02 3.808023631572723389e-01 1.083805933594703674e-01 6.721276789903640747e-02 5.713085457682609558e-02 1.045998707413673401e-01 7.267380505800247192e-02 1.207729503512382507e-01
6.049149483442306519e-02 5.715185999870300293e-01 5.545053631067276001e-02 6.343205273151397705e-02 5.503045395016670227e-02 4.221802204847335815e-02 6.196177378296852112e-02 8.989708125591278076e-02
6.028145179152488708e-02 5.141776800155639648e-01 8.275572210550308228e-02 6.385213136672973633e-02 6.070153415203094482e-02 7.918504625558853149e-02 6.385213136672973633e-02 7.519428431987762451e-02
7.939508557319641113e-02 4.845620691776275635e-01 7.246376574039459229e-02 8.989708125591278076e-02 7.099349051713943481e-02 7.918504625558853149e-02 5.692081525921821594e-02 6.658264994621276855e-02
5.124973878264427185e-02 5.179584026336669922e-01 1.018693521618843079e-01 8.443604409694671631e-02 6.469228863716125488e-02 8.170552551746368408e-02 4.557865858078002930e-02 5.250997841358184814e-02
6.343205273151397705e-02 5.698382854461669922e-01 7.792480289936065674e-02 5.713085457682609558e-02 5.461037531495094299e-02 2.856542728841304779e-02 5.082965642213821411e-02 9.766855835914611816e-02
4.767905920743942261e-02 6.416718959808349609e-01 5.250997841358184814e-02 5.482041463255882263e-02 4.284814000129699707e-02 4.242806136608123779e-02 5.145977810025215149e-02 6.658264994621276855e-02
8.086536079645156860e-02 5.671077370643615723e-01 8.212560415267944336e-02 4.326822236180305481e-02 4.032766073942184448e-02 3.381642326712608337e-02 6.196177378296852112e-02 9.052719920873641968e-02
7.288384437561035156e-02 4.843520224094390869e-01 5.650073662400245667e-02 1.001890376210212708e-01 7.141356915235519409e-02 6.133165210485458374e-02 7.267380505800247192e-02 8.065532147884368896e-02
5.524049699306488037e-02 5.809704065322875977e-01 5.923125520348548889e-02 5.272001773118972778e-02 4.914933815598487854e-02 4.284814000129699707e-02 6.553245335817337036e-02 9.430792182683944702e-02
9.472800046205520630e-02 3.679899275302886963e-01 9.367779642343521118e-02 9.661835432052612305e-02 7.204368710517883301e-02 9.010712057352066040e-02 7.120352983474731445e-02 1.136315912008285522e-01
8.422600477933883667e-02 3.847931027412414551e-01 1.054400354623794556e-01 8.926696330308914185e-02 8.401596546173095703e-02 7.519428431987762451e-02 7.183364778757095337e-02 1.052299961447715759e-01
7.393404841423034668e-02 6.061751842498779297e-01 4.998949915170669556e-02 6.406217068433761597e-02 5.040957778692245483e-02 3.507666289806365967e-02 5.587061494588851929e-02 6.448224931955337524e-02
9.682840108871459961e-02 4.643982350826263428e-01 6.196177378296852112e-02 9.724847972393035889e-02 6.574249267578125000e-02 7.729468494653701782e-02 6.658264994621276855e-02 6.994328647851943970e-02
6.028145179152488708e-02 5.425330996513366699e-01 5.250997841358184814e-02 7.813484221696853638e-02 6.574249267578125000e-02 6.364209204912185669e-02 6.595253199338912964e-02 7.120352983474731445e-02
7.855492830276489258e-02 4.812014400959014893e-01 5.187985673546791077e-02 8.653644472360610962e-02 6.511237472295761108e-02 6.217181310057640076e-02 7.876496762037277222e-02 9.577819705009460449e-02
7.981516420841217041e-02 4.181894659996032715e-01 1.062801927328109741e-01 6.469228863716125488e-02 5.818105489015579224e-02 9.283763915300369263e-02 7.015332579612731934e-02 1.098508685827255249e-01
9.682840108871459961e-02 3.495064079761505127e-01 9.745851904153823853e-02 8.233564347028732300e-02 7.120352983474731445e-02 9.157740324735641479e-02 9.010712057352066040e-02 1.209829896688461304e-01
5.314009636640548706e-02 6.076454520225524902e-01 4.074774309992790222e-02 6.007141247391700745e-02 4.767905920743942261e-02 2.667506784200668335e-02 8.002520352602005005e-02 8.401596546173095703e-02
4.872925952076911926e-02 4.856122732162475586e-01 7.435412704944610596e-02 1.182524710893630981e-01 7.519428431987762451e-02 5.272001773118972778e-02 6.112161278724670410e-02 8.401596546173095703e-02
9.556815773248672485e-02 3.423650562763214111e-01 1.008191555738449097e-01 9.808863699436187744e-02 7.141356915235519409e-02 9.136735647916793823e-02 6.784289330244064331e-02 1.325351744890213013e-01
9.115731716156005859e-02 3.394244909286499023e-01 1.037597134709358215e-01 8.611635863780975342e-02 7.456416636705398560e-02 9.640831500291824341e-02 7.939508557319641113e-02 1.291745454072952271e-01
8.317580074071884155e-02 4.692291617393493652e-01 7.582440972328186035e-02 9.262759983539581299e-02 7.561437040567398071e-02 7.603444904088973999e-02 6.280193477869033813e-02 6.469228863716125488e-02
5.398025736212730408e-02 6.078554987907409668e-01 7.225372642278671265e-02 3.612686321139335632e-02 4.494854062795639038e-02 4.557865858078002930e-02 6.448224931955337524e-02 7.477420568466186523e-02
6.742280721664428711e-02 4.160890579223632812e-01 9.262759983539581299e-02 8.359588682651519775e-02 7.981516420841217041e-02 8.149548619985580444e-02 7.120352983474731445e-02 1.077504754066467285e-01
6.868305057287216187e-02 4.717496335506439209e-01 7.015332579612731934e-02 1.117412298917770386e-01 7.330393046140670776e-02 7.183364778757095337e-02 6.091157346963882446e-02 7.162360846996307373e-02
7.141356915235519409e-02 5.748792290687561035e-01 5.377021804451942444e-02 6.343205273151397705e-02 5.734089389443397522e-02 3.297626599669456482e-02 7.498424500226974487e-02 7.120352983474731445e-02
8.380592614412307739e-02 3.847931027412414551e-01 8.611635863780975342e-02 9.661835432052612305e-02 8.044528216123580933e-02 9.346775710582733154e-02 6.952320784330368042e-02 1.052299961447715759e-01
7.141356915235519409e-02 5.521948933601379395e-01 7.750472426414489746e-02 5.545053631067276001e-02 4.851922020316123962e-02 3.129594773054122925e-02 6.742280721664428711e-02 9.619827568531036377e-02
8.401596546173095703e-02 4.566267728805541992e-01 8.128544688224792480e-02 1.090107113122940063e-01 6.931316852569580078e-02 6.364209204912185669e-02 6.805293262004852295e-02 6.805293262004852295e-02
6.826297193765640259e-02 5.799201726913452148e-01 7.456416636705398560e-02 4.347826167941093445e-02 4.326822236180305481e-02 2.667506784200668335e-02 6.091157346963882446e-02 1.029195562005043030e-01
