1.142857149243354797e-01 8.571428805589675903e-02 3.238095343112945557e-01 0.000000000000000000e+00 6.666667014360427856e-02 8.571428805589675903e-02 2.095238119363784790e-01 1.142857149243354797e-01
1.111111119389533997e-01 1.152263358235359192e-01 1.893004179000854492e-01 2.366255074739456177e-01 1.790123432874679565e-01 3.703703731298446655e-02 1.069958880543708801e-01 2.469135820865631104e-02
1.250000000000000000e-01 1.822916716337203979e-01 1.562500000000000000e-01 6.250000000000000000e-02 2.135416716337203979e-01 3.125000000000000000e-02 1.927083283662796021e-01 3.645833209156990051e-02
8.552631735801696777e-02 1.644736826419830322e-01 7.236842066049575806e-02 5.921052768826484680e-02 2.894736826419830322e-01 7.236842066049575806e-02 1.973684281110763550e-01 5.921052768826484680e-02
6.250000000000000000e-02 1.718750000000000000e-01 1.562500000000000000e-02 1.562500000000000000e-02 1.093750000000000000e-01 3.125000000000000000e-02 5.468750000000000000e-01 4.687500000000000000e-02
1.323076933622360229e-01 1.415384560823440552e-01 5.230769142508506775e-02 7.076922804117202759e-02 2.523076832294464111e-01 4.307692125439643860e-02 2.676922976970672607e-01 3.999999910593032837e-02
6.060606241226196289e-02 3.030303120613098145e-02 3.203463256359100342e-01 3.896103799343109131e-02 2.164502143859863281e-01 9.523809701204299927e-02 5.194805189967155457e-02 1.861471831798553467e-01
1.578947305679321289e-01 9.210526198148727417e-02 1.447368413209915161e-01 1.184210553765296936e-01 3.421052694320678711e-01 2.631578966975212097e-02 3.947368264198303223e-02 7.894736528396606445e-02
6.818182021379470825e-02 1.212121248245239258e-01 6.439393758773803711e-02 1.174242421984672546e-01 1.818181872367858887e-01 1.628787815570831299e-01 2.045454531908035278e-01 7.954545319080352783e-02
3.333333432674407959e-01 2.564102597534656525e-02 2.051282078027725220e-01 7.692307978868484497e-02 2.051282078027725220e-01 1.025641039013862610e-01 0.000000000000000000e+00 5.128205195069313049e-02
2.173913083970546722e-02 2.173912972211837769e-01 1.086956486105918884e-01 0.000000000000000000e+00 2.173913083970546722e-02 6.521739065647125244e-02 4.347825944423675537e-01 1.304347813129425049e-01
7.894736528396606445e-02 1.052631586790084839e-01 5.263157933950424194e-02 1.184210553765296936e-01 3.552631437778472900e-01 2.631578966975212097e-02 1.052631586790084839e-01 1.578947305679321289e-01
1.206030175089836121e-01 8.040200918912887573e-02 7.286432385444641113e-02 1.256281435489654541e-01 1.532663255929946899e-01 2.110552787780761719e-01 1.633165776729583740e-01 7.286432385444641113e-02
9.935897588729858398e-02 1.025641039013862610e-01 1.666666716337203979e-01 3.525641188025474548e-02 2.307692319154739380e-01 4.487179592251777649e-02 1.955128163099288940e-01 1.250000000000000000e-01
1.042944788932800293e-01 7.055214792490005493e-02 2.914110422134399414e-01 1.472392678260803223e-01 2.607361972332000732e-01 1.840490847826004028e-02 6.134969368577003479e-02 4.601227119565010071e-02
1.078066900372505188e-01 1.078066900372505188e-01 1.598512977361679077e-01 1.301115304231643677e-01 1.449814140796661377e-01 1.003717482089996338e-01 2.007434964179992676e-01 4.832713678479194641e-02
7.438016682863235474e-02 1.570248007774353027e-01 9.917355328798294067e-02 3.305784985423088074e-02 2.314049601554870605e-01 2.479338832199573517e-02 3.305785059928894043e-01 4.958677664399147034e-02
1.061643809080123901e-01 1.369863003492355347e-01 1.061643809080123901e-01 7.876712083816528320e-02 2.808219194412231445e-01 7.876712083816528320e-02 1.164383590221405029e-01 9.589041024446487427e-02
9.554140269756317139e-02 6.794055551290512085e-02 1.953290849924087524e-01 2.632696330547332764e-01 1.337579637765884399e-01 5.732484161853790283e-02 1.337579637765884399e-01 5.307855457067489624e-02
3.759398311376571655e-02 2.481203079223632812e-01 1.879699230194091797e-01 7.518797181546688080e-03 9.022556245326995850e-02 1.503759324550628662e-01 2.180451154708862305e-01 6.015037745237350464e-02
1.428571492433547974e-01 1.095238104462623596e-01 7.619047909975051880e-02 1.285714358091354370e-01 1.619047671556472778e-01 2.380952425301074982e-02 3.142857253551483154e-01 4.285714402794837952e-02
5.747126415371894836e-02 4.597701132297515869e-02 3.793103396892547607e-01 1.034482792019844055e-01 2.068965584039688110e-01 6.896551698446273804e-02 1.264367848634719849e-01 1.149425283074378967e-02
4.858299717307090759e-02 1.214574873447418213e-01 5.748987793922424316e-01 5.668016150593757629e-02 4.048582911491394043e-02 4.453441128134727478e-02 7.287449389696121216e-02 4.048582911491394043e-02
5.970149114727973938e-02 2.537313401699066162e-01 3.482586890459060669e-02 1.343283653259277344e-01 1.243781074881553650e-01 7.462686300277709961e-02 2.537313401699066162e-01 6.467662006616592407e-02
1.315789520740509033e-01 6.578947603702545166e-02 2.236842066049575806e-01 6.578947417438030243e-03 1.578947305679321289e-01 1.250000000000000000e-01 1.315789520740509033e-01 1.578947305679321289e-01
4.081632569432258606e-02 1.061224490404129028e-01 2.673469483852386475e-01 1.836734712123870850e-01 2.387755066156387329e-01 5.102040991187095642e-02 7.346938550472259521e-02 3.877551108598709106e-02
7.560137659311294556e-02 2.817869484424591064e-01 1.099656373262405396e-01 6.529209762811660767e-02 2.474226802587509155e-01 3.092783503234386444e-02 6.185567006468772888e-02 1.271477639675140381e-01
1.315789520740509033e-01 1.710526347160339355e-01 6.578947603702545166e-02 1.315789520740509033e-01 2.763157784938812256e-01 2.631578966975212097e-02 5.263157933950424194e-02 1.447368413209915161e-01
7.142857462167739868e-02 2.857142984867095947e-01 1.507936567068099976e-01 3.968254104256629944e-02 1.269841343164443970e-01 4.761904850602149963e-02 1.269841343164443970e-01 1.507936567068099976e-01
4.556074738502502441e-02 6.892523169517517090e-02 3.200934529304504395e-01 6.425233930349349976e-02 3.750000000000000000e-01 1.401869114488363266e-02 5.607476457953453064e-02 5.607476457953453064e-02
1.242424249649047852e-01 7.878787815570831299e-02 1.696969717741012573e-01 2.636363506317138672e-01 1.606060564517974854e-01 3.030302934348583221e-03 2.000000029802322388e-01 0.000000000000000000e+00
1.184834092855453491e-01 1.990521401166915894e-01 1.184834092855453491e-01 1.895734667778015137e-02 1.137440726161003113e-01 4.265403002500534058e-02 3.080568611621856689e-01 8.056872338056564331e-02
1.346704810857772827e-01 1.461317986249923706e-01 1.232091709971427917e-01 6.876790523529052734e-02 2.091690599918365479e-01 4.584527388215065002e-02 2.120343893766403198e-01 6.017192080616950989e-02
7.359307259321212769e-02 1.645021587610244751e-01 1.298701316118240356e-01 3.030303120613098145e-02 1.082251071929931641e-01 9.956710040569305420e-02 3.376623392105102539e-01 5.627705529332160950e-02
8.869179338216781616e-02 9.534367918968200684e-02 2.172949016094207764e-01 1.330377012491226196e-01 1.796008795499801636e-01 9.090909361839294434e-02 1.640798300504684448e-01 3.104212880134582520e-02
3.872437402606010437e-02 1.366742551326751709e-01 3.143507838249206543e-01 2.710706293582916260e-01 4.555808752775192261e-02 1.116173118352890015e-01 3.872437402606010437e-02 4.328018054366111755e-02
1.475903540849685669e-01 4.216867312788963318e-02 5.722891539335250854e-02 1.114457845687866211e-01 1.626506000757217407e-01 1.837349385023117065e-01 2.078313231468200684e-01 8.734939992427825928e-02
8.547008782625198364e-02 1.153846159577369690e-01 2.008547037839889526e-01 7.264957576990127563e-02 7.692307978868484497e-02 1.495726555585861206e-01 1.923076957464218140e-01 1.068376079201698303e-01
1.222222223877906799e-01 8.888889104127883911e-02 3.111111223697662354e-01 0.000000000000000000e+00 3.333333507180213928e-02 1.666666716337203979e-01 1.555555611848831177e-01 1.222222223877906799e-01
1.627907007932662964e-01 3.488372266292572021e-02 3.604651093482971191e-01 2.325581386685371399e-02 6.976744532585144043e-02 1.046511605381965637e-01 1.627907007932662964e-01 8.139535039663314819e-02
7.959479093551635742e-02 4.775687307119369507e-02 2.301013022661209106e-01 3.357453048229217529e-01 1.331403702497482300e-01 4.630969464778900146e-02 1.013024598360061646e-01 2.604920417070388794e-02
6.060606241226196289e-02 1.969697028398513794e-01 1.060606092214584351e-01 6.060606241226196289e-02 2.045454531908035278e-01 3.030303120613098145e-02 3.106060624122619629e-01 3.030303120613098145e-02
8.013937622308731079e-02 1.445993036031723022e-01 2.996515631675720215e-01 1.393728256225585938e-01 1.097560971975326538e-01 4.006968811154365540e-02 1.254355460405349731e-01 6.097561120986938477e-02
1.154684126377105713e-01 8.932461589574813843e-02 7.843137532472610474e-02 1.742919385433197021e-01 2.374727725982666016e-01 6.753812730312347412e-02 1.786492317914962769e-01 5.882352963089942932e-02
8.088235557079315186e-02 1.250000000000000000e-01 2.058823555707931519e-01 3.676470741629600525e-02 1.102941185235977173e-01 5.882352963089942932e-02 2.794117629528045654e-01 1.029411777853965759e-01
1.268656700849533081e-01 9.701492637395858765e-02 1.641791015863418579e-01 2.985074557363986969e-02 8.955223858356475830e-02 7.462686300277709961e-02 2.910447716712951660e-01 1.268656700849533081e-01
1.558441519737243652e-01 1.818181872367858887e-01 1.515151560306549072e-01 0.000000000000000000e+00 1.038961037993431091e-01 1.125541105866432190e-01 2.597402632236480713e-01 3.463203459978103638e-02
1.262626200914382935e-01 1.414141356945037842e-01 1.186868697404861450e-01 5.303030461072921753e-02 1.792929321527481079e-01 9.848485141992568970e-02 2.121212184429168701e-01 7.070706784725189209e-02
7.627118378877639771e-02 1.016949117183685303e-01 1.906779706478118896e-01 9.322033822536468506e-02 2.372881323099136353e-01 4.237288236618041992e-02 1.864406764507293701e-01 7.203389704227447510e-02
1.057934537529945374e-01 1.108312308788299561e-01 1.083123460412025452e-01 1.360201537609100342e-01 2.795969843864440918e-01 5.793450772762298584e-02 1.385390460491180420e-01 6.297229230403900146e-02
1.257309913635253906e-01 1.461988240480422974e-01 1.023391783237457275e-01 1.169590651988983154e-01 1.345029175281524658e-01 1.111111119389533997e-01 1.608187109231948853e-01 1.023391783237457275e-01
1.413333266973495483e-01 1.546666622161865234e-01 1.679999977350234985e-01 8.533333241939544678e-02 2.160000056028366089e-01 1.600000075995922089e-02 1.893333345651626587e-01 2.933333255350589752e-02
4.687500000000000000e-02 3.125000000000000000e-01 9.375000000000000000e-02 3.125000000000000000e-02 7.812500000000000000e-02 1.093750000000000000e-01 2.656250000000000000e-01 6.250000000000000000e-02
5.714285746216773987e-02 8.571428805589675903e-02 3.571428656578063965e-01 8.571428805589675903e-02 2.428571432828903198e-01 4.285714402794837952e-02 1.142857149243354797e-01 1.428571436554193497e-02
7.567567378282546997e-02 1.243243217468261719e-01 1.189189180731773376e-01 1.027026996016502380e-01 2.270270287990570068e-01 5.405405536293983459e-02 2.162162214517593384e-01 8.108107745647430420e-02
1.071428582072257996e-01 1.250000000000000000e-01 1.696428507566452026e-01 1.116071417927742004e-01 1.607142835855484009e-01 5.803571268916130066e-02 2.053571492433547974e-01 6.250000000000000000e-02
7.535641640424728394e-02 1.018329933285713196e-01 1.670061051845550537e-01 1.792260706424713135e-01 1.425661891698837280e-01 9.572301059961318970e-02 1.629327833652496338e-01 7.535641640424728394e-02
1.754385977983474731e-02 4.183535650372505188e-02 1.538461595773696899e-01 3.846153914928436279e-01 1.943319886922836304e-01 5.937921628355979919e-02 1.079622134566307068e-01 4.048582911491394043e-02
0.000000000000000000e+00 0.000000000000000000e+00 0.000000000000000000e+00 0.000000000000000000e+00 1.904761940240859985e-01 1.428571492433547974e-01 6.190476417541503906e-01 4.761904850602149963e-02
9.655172377824783325e-02 8.275862038135528564e-02 1.701149493455886841e-01 1.540229916572570801e-01 1.103448271751403809e-01 1.103448271751403809e-01 1.816091984510421753e-01 9.425287693738937378e-02
1.307692378759384155e-01 1.123076900839805603e-01 1.476923078298568726e-01 1.030769199132919312e-01 2.430769205093383789e-01 2.461538463830947876e-02 1.492307633161544800e-01 8.923076838254928589e-02
1.334459483623504639e-01 1.351351290941238403e-01 1.283783763647079468e-01 1.013513505458831787e-01 1.908783763647079468e-01 5.405405536293983459e-02 1.706081032752990723e-01 8.614864945411682129e-02
1.417910456657409668e-01 1.940298527479171753e-01 1.492537260055541992e-01 6.343283504247665405e-02 1.604477614164352417e-01 5.970149114727973938e-02 1.604477614164352417e-01 7.089552283287048340e-02
1.428571492433547974e-01 2.460317462682723999e-01 7.142857462167739868e-02 5.555555596947669983e-02 1.984127014875411987e-01 3.174603357911109924e-02 2.460317462682723999e-01 7.936508394777774811e-03
1.124999970197677612e-01 1.875000000000000000e-01 1.000000014901161194e-01 1.250000000000000000e-01 2.750000059604644775e-01 7.500000298023223877e-02 7.500000298023223877e-02 5.000000074505805969e-02
3.406813740730285645e-02 8.016031980514526367e-02 1.422845721244812012e-01 2.464929819107055664e-01 3.486973941326141357e-01 4.408817738294601440e-02 4.008015990257263184e-02 6.412825733423233032e-02
5.405405536293983459e-02 3.405405282974243164e-01 6.486486643552780151e-02 5.405405536293983459e-02 1.891891956329345703e-01 7.567567378282546997e-02 1.783783733844757080e-01 4.324324429035186768e-02
1.171171143651008606e-01 1.171171143651008606e-01 1.441441476345062256e-01 1.351351290941238403e-01 1.981981992721557617e-01 9.009008854627609253e-02 1.351351290941238403e-01 6.306306272745132446e-02
1.284046620130538940e-01 1.128404662013053894e-01 1.750972718000411987e-01 1.284046620130538940e-01 2.607003748416900635e-01 1.167315151542425156e-02 1.439688652753829956e-01 3.891050443053245544e-02
1.160896122455596924e-01 4.480651766061782837e-02 2.932790219783782959e-01 5.906313657760620117e-02 2.464358508586883545e-01 1.303462386131286621e-01 4.073319584131240845e-02 6.924643367528915405e-02
1.126482188701629639e-01 1.660079061985015869e-01 3.142292499542236328e-01 8.498023450374603271e-02 1.245059296488761902e-01 3.359683975577354431e-02 1.126482188701629639e-01 5.138339847326278687e-02
6.976744532585144043e-02 4.883721098303794861e-02 1.232558116316795349e-01 5.116279050707817078e-02 1.790697723627090454e-01 2.093023210763931274e-01 7.906977087259292603e-02 2.395348846912384033e-01
9.012875705957412720e-02 2.145922780036926270e-01 1.287553608417510986e-01 8.154506236314773560e-02 1.373390555381774902e-01 9.012875705957412720e-02 2.017167359590530396e-01 5.579399317502975464e-02
4.237288236618041992e-02 1.334745734930038452e-01 3.516949117183685303e-01 1.970338970422744751e-01 1.567796617746353149e-01 4.025423899292945862e-02 4.449152573943138123e-02 3.389830514788627625e-02
1.754385977983474731e-02 1.754385977983474731e-02 7.017543911933898926e-02 3.508771955966949463e-02 1.228070184588432312e-01 8.771929889917373657e-02 4.561403393745422363e-01 1.929824501276016235e-01
6.481481343507766724e-02 1.851851791143417358e-01 1.018518507480621338e-01 1.851851865649223328e-02 1.481481492519378662e-01 7.407407462596893311e-02 3.148148059844970703e-01 9.259258955717086792e-02
9.369676001369953156e-03 3.747870400547981262e-02 1.448040902614593506e-01 3.901192545890808105e-01 1.379897743463516235e-01 1.124361157417297363e-01 4.855195805430412292e-02 1.192504242062568665e-01
1.222222223877906799e-01 5.555555596947669983e-02 1.111111119389533997e-01 6.666667014360427856e-02 2.555555701255798340e-01 5.555555596947669983e-02 2.000000029802322388e-01 1.333333402872085571e-01
1.181102395057678223e-01 5.511811003088951111e-02 2.309711277484893799e-01 2.230971157550811768e-01 1.784776896238327026e-01 2.099737524986267090e-02 1.496063023805618286e-01 2.362204715609550476e-02
5.685618892312049866e-02 1.605351120233535767e-01 1.739130467176437378e-01 5.016722530126571655e-02 9.030100703239440918e-02 1.170568540692329407e-01 2.742474973201751709e-01 7.692307978868484497e-02
1.367924511432647705e-01 1.415094286203384399e-01 1.556603759527206421e-01 1.132075488567352295e-01 1.981132030487060547e-01 3.773584961891174316e-02 1.603773534297943115e-01 5.660377442836761475e-02
4.677060246467590332e-02 1.024498865008354187e-01 1.046770587563514709e-01 1.937639266252517700e-01 2.650333940982818604e-01 5.567928776144981384e-02 9.354120492935180664e-02 1.380846351385116577e-01
1.450381726026535034e-01 1.679389327764511108e-01 1.030534356832504272e-01 5.725190788507461548e-02 1.564885526895523071e-01 6.870228797197341919e-02 2.290076315402984619e-01 7.251908630132675171e-02
9.552845358848571777e-02 6.910569220781326294e-02 3.638211488723754883e-01 1.626016199588775635e-01 1.463414579629898071e-01 1.422764267772436142e-02 1.158536598086357117e-01 3.252032399177551270e-02
3.278688341379165649e-02 2.459016442298889160e-01 1.475409865379333496e-01 0.000000000000000000e+00 1.557376980781555176e-01 9.016393125057220459e-02 1.885245889425277710e-01 1.393442600965499878e-01
7.207207381725311279e-02 1.111111119389533997e-01 9.309308975934982300e-02 1.351351290941238403e-01 1.471471488475799561e-01 1.051051020622253418e-01 2.612612545490264893e-01 7.507507503032684326e-02
1.076923087239265442e-01 1.179487183690071106e-01 1.333333402872085571e-01 1.128205135464668274e-01 2.307692319154739380e-01 3.589743748307228088e-02 1.179487183690071106e-01 1.435897499322891235e-01
9.623430669307708740e-02 1.841004192829132080e-01 1.046025082468986511e-01 8.786610513925552368e-02 2.803347408771514893e-01 1.255230139940977097e-02 1.841004192829132080e-01 5.020920559763908386e-02
1.004566177725791931e-01 2.100456655025482178e-01 1.735159754753112793e-01 7.305935770273208618e-02 1.369863003492355347e-01 6.392694264650344849e-02 1.872146129608154297e-01 5.479452013969421387e-02
1.215880885720252991e-01 1.066997498273849487e-01 6.699752062559127808e-02 8.684863895177841187e-02 2.009925544261932373e-01 4.714640229940414429e-02 3.002481460571289062e-01 6.947890669107437134e-02
5.102040991187095642e-02 6.122449040412902832e-02 3.571428656578063965e-01 1.224489808082580566e-01 2.142857164144515991e-01 8.163265138864517212e-02 8.163265138864517212e-02 3.061224520206451416e-02
1.566820293664932251e-01 1.797235012054443359e-01 1.105990782380104065e-01 5.529953911900520325e-02 1.751152127981185913e-01 6.451612710952758789e-02 1.935483813285827637e-01 6.451612710952758789e-02
1.025641039013862610e-01 1.538461595773696899e-01 4.273504391312599182e-02 6.837607175111770630e-02 2.564102709293365479e-01 4.273504391312599182e-02 2.735042870044708252e-01 5.982905998826026917e-02
4.761904850602149963e-02 1.322751343250274658e-01 1.587301641702651978e-01 1.111111119389533997e-01 1.851851791143417358e-01 1.005290970206260681e-01 1.851851791143417358e-01 7.936508208513259888e-02
7.638888806104660034e-02 1.944444477558135986e-01 7.638888806104660034e-02 7.638888806104660034e-02 1.527777761220932007e-01 1.388888899236917496e-02 2.847222089767456055e-01 1.250000000000000000e-01
9.225091896951198578e-03 8.118081092834472656e-02 2.841328382492065430e-01 3.892988860607147217e-01 8.487084507942199707e-02 7.749077677726745605e-02 3.505535051226615906e-02 3.874538838863372803e-02
1.313868612051010132e-01 2.189781069755554199e-01 1.021897792816162109e-01 5.109488964080810547e-02 8.029197156429290771e-02 2.919708006083965302e-02 3.211678862571716309e-01 6.569343060255050659e-02
6.034482643008232117e-02 1.810344755649566650e-01 2.586206793785095215e-01 1.724137924611568451e-02 8.620689809322357178e-02 1.379310339689254761e-01 2.241379320621490479e-01 3.448275849223136902e-02
3.209459409117698669e-02 4.222973063588142395e-02 1.452702730894088745e-01 2.364864796400070190e-01 3.496621549129486084e-01 3.716216236352920532e-02 8.108107745647430420e-02 7.601351290941238403e-02
9.259258955717086792e-02 1.666666716337203979e-01 3.703703731298446655e-02 1.111111119389533997e-01 5.555555596947669983e-02 1.851851865649223328e-02 4.166666567325592041e-01 1.018518507480621338e-01
1.042780727148056030e-01 9.625668078660964966e-02 1.524064242839813232e-01 8.288770169019699097e-02 1.871657818555831909e-01 1.256684511899948120e-01 2.032085508108139038e-01 4.812834039330482483e-02
6.122449040412902832e-02 1.224489808082580566e-01 2.244897931814193726e-01 2.040816284716129303e-02 2.244897931814193726e-01 6.122449040412902832e-02 1.632653027772903442e-01 1.224489808082580566e-01
9.756097197532653809e-02 1.219512224197387695e-01 8.536585420370101929e-02 6.097561120986938477e-02 1.463414579629898071e-01 0.000000000000000000e+00 4.268292784690856934e-01 6.097561120986938477e-02
9.803921729326248169e-02 1.529411822557449341e-01 1.843137294054031372e-01 3.921568766236305237e-02 1.490196138620376587e-01 7.843137532472610474e-02 1.647058874368667603e-01 1.333333402872085571e-01
1.000000014901161194e-01 0.000000000000000000e+00 3.307692408561706543e-01 1.538461539894342422e-02 1.153846159577369690e-01 2.230769246816635132e-01 8.461538702249526978e-02 1.307692378759384155e-01
1.762711852788925171e-01 7.118643820285797119e-02 1.355932205915451050e-01 8.474576473236083984e-02 2.406779676675796509e-01 5.084745585918426514e-02 1.830508410930633545e-01 5.762711912393569946e-02
9.003215283155441284e-02 1.157556250691413879e-01 8.038584887981414795e-02 8.038584887981414795e-02 1.511254012584686279e-01 1.446945369243621826e-01 2.379421293735504150e-01 9.967845678329467773e-02
7.857143133878707886e-02 1.500000059604644775e-01 1.357142925262451172e-01 9.285714477300643921e-02 1.500000059604644775e-01 1.000000014901161194e-01 2.071428596973419189e-01 8.571428805589675903e-02
8.724832534790039062e-02 8.724832534790039062e-02 2.550335526466369629e-01 3.355704620480537415e-02 1.610738188028335571e-01 1.208053678274154663e-01 1.342281848192214966e-01 1.208053678274154663e-01
8.615384250879287720e-02 8.307692408561706543e-02 9.230769425630569458e-02 1.015384644269943237e-01 2.123076915740966797e-01 1.353846192359924316e-01 1.907692253589630127e-01 9.846153855323791504e-02
1.063348427414894104e-01 9.954751282930374146e-02 1.968325823545455933e-01 7.239819318056106567e-02 1.900452524423599243e-01 1.334841698408126831e-01 1.176470592617988586e-01 8.371040970087051392e-02
7.534246891736984253e-02 1.438356190919876099e-01 1.506849378347396851e-01 8.219178020954132080e-02 2.945205569267272949e-01 2.739726006984710693e-02 1.849315017461776733e-01 4.109589010477066040e-02
9.734513610601425171e-02 1.991150379180908203e-01 3.097345232963562012e-01 1.769911497831344604e-02 2.212389409542083740e-01 5.752212554216384888e-02 6.637167930603027344e-02 3.097345121204853058e-02
8.686440438032150269e-02 9.957627207040786743e-02 1.419491469860076904e-01 1.906779594719409943e-02 1.377118676900863647e-01 2.690677940845489502e-01 1.080508455634117126e-01 1.377118676900863647e-01
1.328671276569366455e-01 9.790209680795669556e-02 1.608391553163528442e-01 1.468531489372253418e-01 3.006992936134338379e-01 2.797202765941619873e-02 8.391608297824859619e-02 4.895104840397834778e-02
6.666667014360427856e-02 4.444444552063941956e-02 6.666667014360427856e-02 0.000000000000000000e+00 1.333333402872085571e-01 4.444444552063941956e-02 4.444444477558135986e-01 2.000000029802322388e-01
1.969697028398513794e-01 9.090909361839294434e-02 8.712121099233627319e-02 8.333333581686019897e-02 1.136363670229911804e-01 1.098484843969345093e-01 2.840909063816070557e-01 3.409091010689735413e-02
9.090909361839294434e-02 1.487603336572647095e-01 1.074380129575729370e-01 8.264462649822235107e-02 2.231404930353164673e-01 9.090909361839294434e-02 1.157024800777435303e-01 1.404958665370941162e-01
8.712121099233627319e-02 1.969697028398513794e-01 1.363636404275894165e-01 9.848485141992568970e-02 1.742424219846725464e-01 6.439393758773803711e-02 2.045454531908035278e-01 3.787878900766372681e-02
6.692913174629211426e-02 1.023622080683708191e-01 7.086614519357681274e-02 1.811023652553558350e-01 2.519685029983520508e-01 5.905511975288391113e-02 1.771653592586517334e-01 9.055118262767791748e-02
