1.035156250000000000e-01 2.304687500000000000e-01 9.375000000000000000e-02 5.664062500000000000e-02 1.699218750000000000e-01 1.503906250000000000e-01 1.464843750000000000e-01 4.882812500000000000e-02
1.611374467611312866e-01 3.033175468444824219e-01 1.279620826244354248e-01 1.895734667778015137e-02 2.369668334722518921e-02 1.137440800666809082e-01 1.800947934389114380e-01 7.109005004167556763e-02
8.684863150119781494e-02 3.176178634166717529e-01 1.464019864797592163e-01 5.210918188095092773e-02 1.315136402845382690e-01 1.191066950559616089e-01 9.677419066429138184e-02 4.962779209017753601e-02
1.288056224584579468e-01 2.763465940952301025e-01 1.358313709497451782e-01 4.683840647339820862e-02 1.522248238325119019e-01 8.196721225976943970e-02 9.367681294679641724e-02 8.430913090705871582e-02
1.148648709058761597e-01 1.993243247270584106e-01 1.266891956329345703e-01 6.081081181764602661e-02 1.925675719976425171e-01 1.570945978164672852e-01 8.445946127176284790e-02 6.418918818235397339e-02
1.479166746139526367e-01 1.791666746139526367e-01 1.395833343267440796e-01 6.041666865348815918e-02 1.520833373069763184e-01 1.520833373069763184e-01 1.062500029802322388e-01 6.250000000000000000e-02
1.052631586790084839e-01 3.789473772048950195e-01 1.684210598468780518e-01 1.052631624042987823e-02 9.473684430122375488e-02 8.421052992343902588e-02 9.473684430122375488e-02 6.315790116786956787e-02
1.206896528601646423e-01 2.413793057203292847e-01 1.896551698446273804e-01 1.724137961864471436e-01 1.637931019067764282e-01 4.310344904661178589e-02 8.620689623057842255e-03 6.034482643008232117e-02
1.591928303241729736e-01 1.950672715902328491e-01 1.860986649990081787e-01 3.363228961825370789e-02 1.771300584077835083e-01 1.255605518817901611e-01 6.502242386341094971e-02 5.829596519470214844e-02
1.352656930685043335e-01 1.739130467176437378e-01 1.449275314807891846e-01 5.555555596947669983e-02 1.473429948091506958e-01 1.497584581375122070e-01 1.038647294044494629e-01 8.937197923660278320e-02
1.404011547565460205e-01 2.664756476879119873e-01 1.489971429109573364e-01 3.151862695813179016e-02 8.309455960988998413e-02 1.404011547565460205e-01 1.117478534579277039e-01 7.736390084028244019e-02
1.553846150636672974e-01 1.876923143863677979e-01 1.138461530208587646e-01 6.923077255487442017e-02 1.184615418314933777e-01 1.492307633161544800e-01 1.184615418314933777e-01 8.769230544567108154e-02
1.270983219146728516e-01 2.829736173152923584e-01 1.031175106763839722e-01 4.796162992715835571e-02 2.158273458480834961e-01 1.007194295525550842e-01 5.515587702393531799e-02 6.714628636837005615e-02
1.578947305679321289e-01 2.481202930212020874e-01 1.303258091211318970e-01 5.513784289360046387e-02 1.177944839000701904e-01 1.203007549047470093e-01 1.077694222331047058e-01 6.265664100646972656e-02
1.462829709053039551e-01 1.774580329656600952e-01 1.990407705307006836e-01 2.637889795005321503e-02 1.942446082830429077e-01 7.434052973985671997e-02 9.592325985431671143e-02 8.633093535900115967e-02
1.490384638309478760e-01 1.826923191547393799e-01 1.153846234083175659e-01 4.567307978868484497e-02 1.826923191547393799e-01 9.134615957736968994e-02 1.346153914928436279e-01 9.855769574642181396e-02
6.681514531373977661e-02 1.559020131826400757e-01 4.899777472019195557e-02 1.091314032673835754e-01 2.160356342792510986e-01 2.026726156473159790e-01 1.492204964160919189e-01 5.122494697570800781e-02
1.387283205986022949e-01 2.225433439016342163e-01 1.849710941314697266e-01 8.381502330303192139e-02 1.502890139818191528e-01 9.248554706573486328e-02 6.358381360769271851e-02 6.358381360769271851e-02
1.184210553765296936e-01 1.921052783727645874e-01 1.578947454690933228e-01 3.947368636727333069e-02 1.315789520740509033e-01 1.631578952074050903e-01 1.263158023357391357e-01 7.105263322591781616e-02
1.076554954051971436e-01 2.224880307912826538e-01 1.148325353860855103e-01 5.741626769304275513e-02 2.177033424377441406e-01 8.612439781427383423e-02 1.028708070516586304e-01 9.090908616781234741e-02
1.172069832682609558e-01 1.845386624336242676e-01 1.296758204698562622e-01 6.234414130449295044e-02 2.892768085002899170e-01 1.122194528579711914e-01 5.985037609934806824e-02 4.488778114318847656e-02
1.724137961864471436e-01 4.000000059604644775e-01 2.137930989265441895e-01 1.379310339689254761e-02 2.068965509533882141e-02 4.137931019067764282e-02 4.137931019067764282e-02 9.655172377824783325e-02
9.195402264595031738e-02 2.183908075094223022e-01 1.724137961864471436e-01 2.298850566148757935e-02 1.149425283074378967e-01 1.264367848634719849e-01 2.183908075094223022e-01 3.448275849223136902e-02
1.511111110448837280e-01 1.911111176013946533e-01 1.266666650772094727e-01 4.222222417593002319e-02 1.288888901472091675e-01 1.577777862548828125e-01 1.400000005960464478e-01 6.222222372889518738e-02
6.923077255487442017e-02 3.615384697914123535e-01 1.153846159577369690e-01 0.000000000000000000e+00 1.153846159577369690e-01 1.384615451097488403e-01 1.769230812788009644e-01 2.307692356407642365e-02
1.394736915826797485e-01 2.078947424888610840e-01 9.736842662096023560e-02 6.578947603702545166e-02 2.105263173580169678e-01 1.315789520740509033e-01 8.947368711233139038e-02 5.789474025368690491e-02
1.870748251676559448e-01 1.836734712123870850e-01 1.564625799655914307e-01 1.700680330395698547e-02 8.843537420034408569e-02 1.666666567325592041e-01 1.394557803869247437e-01 6.122449040412902832e-02
1.574074029922485352e-01 2.037037014961242676e-01 9.259259700775146484e-02 7.870370149612426758e-02 1.250000000000000000e-01 1.435185223817825317e-01 1.620370447635650635e-01 3.703703731298446655e-02
7.708778977394104004e-02 2.591006457805633545e-01 1.006423979997634888e-01 4.710920900106430054e-02 1.456102728843688965e-01 1.713062077760696411e-01 1.670235544443130493e-01 3.211991488933563232e-02
7.891491800546646118e-02 9.864364564418792725e-02 9.864364564418792725e-02 4.932182282209396362e-02 1.874229311943054199e-01 2.170160263776779175e-01 2.022194713354110718e-01 6.781750917434692383e-02
1.547278016805648804e-01 2.836676239967346191e-01 1.146131828427314758e-01 3.724928572773933411e-02 1.060171946883201599e-01 1.146131828427314758e-01 1.232091709971427917e-01 6.590258330106735229e-02
1.547619104385375977e-01 2.095238119363784790e-01 1.547619104385375977e-01 4.285714402794837952e-02 1.000000014901161194e-01 1.571428626775741577e-01 1.142857223749160767e-01 6.666667014360427856e-02
1.128404662013053894e-01 3.579766452312469482e-01 1.634241193532943726e-01 2.334630303084850311e-02 1.206225678324699402e-01 1.128404662013053894e-01 9.338521212339401245e-02 1.556420233100652695e-02
4.952830076217651367e-02 1.320754736661911011e-01 9.669811278581619263e-02 7.547169923782348633e-02 3.349056541919708252e-01 1.084905713796615601e-01 1.391509473323822021e-01 6.367924809455871582e-02
1.529680341482162476e-01 1.757990866899490356e-01 1.963470280170440674e-01 5.936072766780853271e-02 1.917808204889297485e-01 6.392693519592285156e-02 4.566209763288497925e-02 1.141552478075027466e-01
1.410459578037261963e-01 1.838351935148239136e-01 1.109350249171257019e-01 5.229794234037399292e-02 1.347068250179290771e-01 1.236133128404617310e-01 1.949286907911300659e-01 5.863708630204200745e-02
8.704252541065216064e-02 6.824925541877746582e-02 6.627101451158523560e-02 5.736893787980079651e-02 1.701285839080810547e-01 2.828882038593292236e-01 1.988130509853363037e-01 6.923837214708328247e-02
1.517509669065475464e-01 2.840466797351837158e-01 1.906614750623703003e-01 2.723735384643077850e-02 7.003890722990036011e-02 8.949416130781173706e-02 1.089494153857231140e-01 7.782100886106491089e-02
7.725948095321655273e-02 1.851312071084976196e-01 1.122449040412902832e-01 8.892128616571426392e-02 2.521865963935852051e-01 1.428571492433547974e-01 8.017493039369583130e-02 6.122449040412902832e-02
9.041096270084381104e-02 1.972602754831314087e-01 1.178082227706909180e-01 5.479452013969421387e-02 1.287671327590942383e-01 2.547945380210876465e-01 1.150684952735900879e-01 4.109589010477066040e-02
8.662900328636169434e-02 1.506591290235519409e-01 6.403013318777084351e-02 4.708097875118255615e-02 3.653483986854553223e-01 1.732580065727233887e-01 6.403013318777084351e-02 4.896421730518341064e-02
1.257606446743011475e-01 1.784989833831787109e-01 1.217038482427597046e-01 5.273833498358726501e-02 2.129817456007003784e-01 1.460446268320083618e-01 8.722109347581863403e-02 7.505071163177490234e-02
9.945750981569290161e-02 1.971066892147064209e-01 1.265822798013687134e-01 1.012658253312110901e-01 1.555153727531433105e-01 1.862567812204360962e-01 9.584087133407592773e-02 3.797468543052673340e-02
1.649831682443618774e-01 2.154882103204727173e-01 2.053872048854827881e-01 3.367003425955772400e-02 8.080808073282241821e-02 1.111111119389533997e-01 1.111111119389533997e-01 7.744107395410537720e-02
1.064356416463851929e-01 1.980198025703430176e-01 8.910890668630599976e-02 5.693069100379943848e-02 2.821782231330871582e-01 1.113861352205276489e-01 1.039603948593139648e-01 5.198019742965698242e-02
9.276729077100753784e-02 1.226415038108825684e-01 6.132075190544128418e-02 3.301886841654777527e-02 2.625786066055297852e-01 6.603773683309555054e-02 2.688679099082946777e-01 9.276729077100753784e-02
9.792843461036682129e-02 1.525423675775527954e-01 9.227871894836425781e-02 6.214689090847969055e-02 3.389830589294433594e-01 7.721280306577682495e-02 1.148775890469551086e-01 6.403013318777084351e-02
9.622641652822494507e-02 2.264150977134704590e-01 1.056603789329528809e-01 7.924528419971466064e-02 1.509433984756469727e-01 1.962264180183410645e-01 1.075471714138984680e-01 3.773584961891174316e-02
1.424148529767990112e-01 2.167182564735412598e-01 1.486068069934844971e-01 3.405572474002838135e-02 8.359132707118988037e-02 1.578947305679321289e-01 1.362228989601135254e-01 8.049535751342773438e-02
1.610738337039947510e-01 2.617449760437011719e-01 1.677852421998977661e-01 0.000000000000000000e+00 1.140939593315124512e-01 1.409395933151245117e-01 1.073825508356094360e-01 4.697986692190170288e-02
1.389830559492111206e-01 2.101694941520690918e-01 1.355932205915451050e-01 3.050847351551055908e-02 1.694915294647216797e-01 9.491525590419769287e-02 1.525423675775527954e-01 6.779661029577255249e-02
1.357466131448745728e-01 1.538461595773696899e-01 9.728506952524185181e-02 5.882353335618972778e-02 2.556561231613159180e-01 9.276018291711807251e-02 1.402714997529983521e-01 6.561086326837539673e-02
1.201079562306404114e-01 9.176787734031677246e-02 7.962212711572647095e-02 5.802968889474868774e-02 2.064777314662933350e-01 1.929824501276016235e-01 1.956815123558044434e-01 5.533063411712646484e-02
1.133786886930465698e-01 1.746031790971755981e-01 1.111111119389533997e-01 8.843537420034408569e-02 2.244897931814193726e-01 1.814059019088745117e-01 7.936508208513259888e-02 2.721088379621505737e-02
1.033138409256935120e-01 2.846003770828247070e-01 1.013645231723785400e-01 5.068226158618927002e-02 1.500974595546722412e-01 1.734892725944519043e-01 9.941520541906356812e-02 3.703703731298446655e-02
1.529745012521743774e-01 1.983002871274948120e-01 1.444759219884872437e-01 3.116147220134735107e-02 1.218130290508270264e-01 1.586402207612991333e-01 1.218130290508270264e-01 7.082153111696243286e-02
1.476190537214279175e-01 3.619047701358795166e-01 1.047619059681892395e-01 1.904761977493762970e-02 1.285714358091354370e-01 8.095238357782363892e-02 1.333333402872085571e-01 2.380952425301074982e-02
1.111111119389533997e-01 1.076923087239265442e-01 9.059829264879226685e-02 7.692307978868484497e-02 2.991453111171722412e-01 1.675213724374771118e-01 9.743589907884597778e-02 4.957265034317970276e-02
1.666666716337203979e-01 2.192982435226440430e-01 1.140350848436355591e-01 6.140350922942161560e-02 2.017543911933898926e-01 6.432748585939407349e-02 1.432748585939407349e-01 2.923976629972457886e-02
1.230769231915473938e-01 2.584615349769592285e-01 1.569230705499649048e-01 2.153846248984336853e-02 5.538461357355117798e-02 1.630769222974777222e-01 1.538461595773696899e-01 6.769230961799621582e-02
1.189427226781845093e-01 1.740088015794754028e-01 1.321585774421691895e-01 9.030836820602416992e-02 2.378854453563690186e-01 9.251101315021514893e-02 8.810572326183319092e-02 6.607928872108459473e-02
1.161616146564483643e-01 2.904040515422821045e-01 1.212121248245239258e-01 4.040404036641120911e-02 1.843434274196624756e-01 9.090909361839294434e-02 1.060606092214584351e-01 5.050504952669143677e-02
1.174999997019767761e-01 8.249999582767486572e-02 8.749999850988388062e-02 4.499999806284904480e-02 3.499999940395355225e-01 8.999999612569808960e-02 1.700000017881393433e-01 5.749999731779098511e-02
1.057692319154739380e-01 2.083333432674407959e-01 1.153846159577369690e-01 9.935897588729858398e-02 2.115384638309478760e-01 8.974359184503555298e-02 1.185897439718246460e-01 5.128205195069313049e-02
1.858974397182464600e-01 3.012820482254028320e-01 2.307692319154739380e-01 1.282051298767328262e-02 6.410256773233413696e-02 5.128205195069313049e-02 8.974359184503555298e-02 6.410256773233413696e-02
6.273062527179718018e-02 2.841328382492065430e-01 7.380074262619018555e-02 6.273062527179718018e-02 2.915129065513610840e-01 9.225092083215713501e-02 8.856088668107986450e-02 4.428044334053993225e-02
1.139240562915802002e-01 3.164556920528411865e-01 2.658227980136871338e-01 0.000000000000000000e+00 2.531645633280277252e-02 7.594937086105346680e-02 2.025316506624221802e-01 0.000000000000000000e+00
5.749999731779098511e-02 7.999999821186065674e-02 7.000000029802322388e-02 8.999999612569808960e-02 4.124999940395355225e-01 1.049999967217445374e-01 1.274999976158142090e-01 5.749999731779098511e-02
7.969924807548522949e-02 9.774436056613922119e-02 1.037594005465507507e-01 5.413533747196197510e-02 3.473684191703796387e-01 1.894736886024475098e-01 7.368420809507369995e-02 5.413533747196197510e-02
1.495327055454254150e-01 1.985981315374374390e-01 1.238317713141441345e-01 4.906541854143142700e-02 1.214953213930130005e-01 1.752336323261260986e-01 1.191588714718818665e-01 6.308411061763763428e-02
1.637554615736007690e-01 1.637554615736007690e-01 1.310043632984161377e-01 5.021834000945091248e-02 1.288209557533264160e-01 1.462882161140441895e-01 1.266375631093978882e-01 8.951964974403381348e-02
1.676300615072250366e-01 1.657032817602157593e-01 1.098265945911407471e-01 3.660886362195014954e-02 1.618497073650360107e-01 1.406551152467727661e-01 1.464354544878005981e-01 7.129094749689102173e-02
1.292372941970825195e-01 2.542372941970825195e-01 1.228813529014587402e-01 3.389830514788627625e-02 2.033898234367370605e-01 9.957627207040786743e-02 1.038135588169097900e-01 5.296610295772552490e-02
1.073558628559112549e-01 1.888667941093444824e-01 8.747514337301254272e-02 6.163021549582481384e-02 2.564612329006195068e-01 1.550695747137069702e-01 9.343936294317245483e-02 4.970178753137588501e-02
1.394557803869247437e-01 2.823129296302795410e-01 1.836734712123870850e-01 2.721088379621505737e-02 1.122448965907096863e-01 7.482992857694625854e-02 1.020408123731613159e-01 7.823128998279571533e-02
5.405405536293983459e-02 4.324324429035186768e-01 1.891891956329345703e-01 1.351351384073495865e-02 5.405405536293983459e-02 9.459459781646728516e-02 1.486486494541168213e-01 1.351351384073495865e-02
2.064220160245895386e-01 1.834862232208251953e-01 9.633027017116546631e-02 4.587155580520629883e-02 2.385320961475372314e-01 8.715596050024032593e-02 6.880733370780944824e-02 7.339449226856231689e-02
1.378205120563507080e-01 1.955128163099288940e-01 1.762820482254028320e-01 2.884615398943424225e-02 9.615384787321090698e-02 1.089743599295616150e-01 1.698717921972274780e-01 8.653846383094787598e-02
8.411214500665664673e-02 2.102803736925125122e-01 1.355140209197998047e-01 8.878504484891891479e-02 2.242990583181381226e-01 1.168224290013313293e-01 7.476635277271270752e-02 6.542056053876876831e-02
7.788161933422088623e-02 9.034267812967300415e-02 1.339563876390457153e-01 9.034267812967300415e-02 3.520249128341674805e-01 9.034267812967300415e-02 9.968847036361694336e-02 6.542056053876876831e-02
9.865471720695495605e-02 2.040358781814575195e-01 1.434977650642395020e-01 8.968610316514968872e-02 2.578475475311279297e-01 8.968610316514968872e-02 5.605381354689598083e-02 6.053812056779861450e-02
1.576354652643203735e-01 1.822660118341445923e-01 1.157635450363159180e-01 4.679802805185317993e-02 1.280788183212280273e-01 1.945812702178955078e-01 1.133004873991012573e-01 6.157635524868965149e-02
1.018518507480621338e-01 2.006172835826873779e-01 1.419753134250640869e-01 7.716049253940582275e-02 2.530864179134368896e-01 9.876543283462524414e-02 7.716049253940582275e-02 4.938271641731262207e-02
8.849557489156723022e-02 3.362831771373748779e-01 1.592920422554016113e-01 0.000000000000000000e+00 6.194690242409706116e-02 1.238938048481941223e-01 1.858407109975814819e-01 4.424778744578361511e-02
1.453201919794082642e-01 2.906403839588165283e-01 8.620689809322357178e-02 6.650245934724807739e-02 1.576354652643203735e-01 1.157635450363159180e-01 9.113300591707229614e-02 4.679802805185317993e-02
1.148936152458190918e-01 8.226950466632843018e-02 9.361702203750610352e-02 6.666666269302368164e-02 2.226950228214263916e-01 1.872340440750122070e-01 1.404255330562591553e-01 9.219858050346374512e-02
1.432664841413497925e-01 2.979942858219146729e-01 1.375358253717422485e-01 1.432664785534143448e-02 1.318051666021347046e-01 1.260745078325271606e-01 9.455587714910507202e-02 5.444126203656196594e-02
8.913043141365051270e-02 2.021739035844802856e-01 1.282608658075332642e-01 1.260869503021240234e-01 2.369565069675445557e-01 1.478260755538940430e-01 3.913043439388275146e-02 3.043478168547153473e-02
1.687116473913192749e-01 2.085889577865600586e-01 1.533742249011993408e-01 3.987729921936988831e-02 1.349693238735198975e-01 1.472392678260803223e-01 8.588957041501998901e-02 6.134968996047973633e-02
1.524008363485336304e-01 1.586638838052749634e-01 1.294363290071487427e-01 5.010438710451126099e-02 1.753653436899185181e-01 1.878914386034011841e-01 7.724425941705703735e-02 6.889352947473526001e-02
1.434878557920455933e-01 1.633554100990295410e-01 1.766004413366317749e-01 4.635761678218841553e-02 1.589404046535491943e-01 1.236203089356422424e-01 1.214128062129020691e-01 6.622516363859176636e-02
6.382978707551956177e-02 4.148935973644256592e-01 1.276595741510391235e-01 0.000000000000000000e+00 9.574467688798904419e-02 5.319148674607276917e-02 2.234042435884475708e-01 2.127659507095813751e-02
1.450777202844619751e-01 2.953367829322814941e-01 9.326424449682235718e-02 1.554404105991125107e-02 9.844559431076049805e-02 9.844559431076049805e-02 2.020725309848785400e-01 5.181346833705902100e-02
8.872901648283004761e-02 1.966426968574523926e-01 9.832134842872619629e-02 5.515587702393531799e-02 2.254196703433990479e-01 1.318944841623306274e-01 1.510791331529617310e-01 5.275779590010643005e-02
8.925318717956542969e-02 1.420765072107315063e-01 1.001821458339691162e-01 5.646630376577377319e-02 1.293260455131530762e-01 1.566484570503234863e-01 2.695810496807098389e-01 5.646630376577377319e-02
8.783783763647079468e-02 2.094594687223434448e-01 1.418918967247009277e-01 1.081081107258796692e-01 2.972972989082336426e-01 6.081081181764602661e-02 3.378378599882125854e-02 6.081081181764602661e-02
1.780821979045867920e-01 2.671232819557189941e-01 5.479452013969421387e-02 2.739726006984710693e-02 1.232876703143119812e-01 1.232876703143119812e-01 1.575342416763305664e-01 6.849315017461776733e-02
1.450892984867095947e-01 2.209821492433547974e-01 1.116071492433547974e-01 3.125000000000000000e-02 1.517857164144515991e-01 1.272321492433547974e-01 1.272321492433547974e-01 8.482143282890319824e-02
1.880877763032913208e-01 2.037617564201354980e-01 1.316614449024200439e-01 1.880877651274204254e-02 1.128526628017425537e-01 1.316614449024200439e-01 1.347962319850921631e-01 7.836990058422088623e-02
1.229946538805961609e-01 1.657754033803939819e-01 1.443850249052047729e-01 5.882352963089942932e-02 1.951871663331985474e-01 1.336898356676101685e-01 1.096256673336029053e-01 6.951871514320373535e-02
1.263158023357391357e-01 3.052631616592407227e-01 1.052631586790084839e-01 2.105263248085975647e-02 7.368421554565429688e-02 2.000000029802322388e-01 1.684210598468780518e-01 0.000000000000000000e+00
1.000000089406967163e-01 4.833333492279052734e-01 8.333333581686019897e-02 3.333333507180213928e-02 1.333333402872085571e-01 8.333333581686019897e-02 8.333333581686019897e-02 0.000000000000000000e+00
7.086613774299621582e-02 2.598425149917602539e-01 7.480315119028091431e-02 6.692913174629211426e-02 1.929133832454681396e-01 1.299212574958801270e-01 1.732283532619476318e-01 3.149606287479400635e-02
1.263616532087326050e-01 1.873638331890106201e-01 1.111111119389533997e-01 2.832243964076042175e-02 1.873638331890106201e-01 1.503267884254455566e-01 1.437908411026000977e-01 6.535947322845458984e-02
1.554770320653915405e-01 2.544169723987579346e-01 1.307420432567596436e-01 2.826855145394802094e-02 8.127208799123764038e-02 1.448763310909271240e-01 1.413427591323852539e-01 6.360424309968948364e-02
1.493212729692459106e-01 1.877828091382980347e-01 1.447963863611221313e-01 4.298642650246620178e-02 1.628959327936172485e-01 1.108597368001937866e-01 1.221719533205032349e-01 7.918552309274673462e-02
1.475770920515060425e-01 2.533039450645446777e-01 8.149779587984085083e-02 8.149779587984085083e-02 2.114537358283996582e-01 9.251101315021514893e-02 8.149779587984085083e-02 5.066078901290893555e-02
1.490683257579803467e-01 2.236024886369705200e-01 1.801242232322692871e-01 4.968944191932678223e-02 1.956521719694137573e-01 8.074533939361572266e-02 4.968944191932678223e-02 7.142857462167739868e-02
1.844380348920822144e-01 1.786743402481079102e-01 1.210374608635902405e-01 4.034582152962684631e-02 1.556195914745330811e-01 1.383285224437713623e-01 8.933717012405395508e-02 9.221901744604110718e-02
4.975124448537826538e-02 4.378109276294708252e-01 1.094527319073677063e-01 5.472636595368385315e-02 1.492537260055541992e-01 9.950248897075653076e-02 5.970149114727973938e-02 3.980099409818649292e-02
6.392693519592285156e-02 1.917808204889297485e-01 1.050228253006935120e-01 8.675798773765563965e-02 2.465753257274627686e-01 1.255707740783691406e-01 1.095890402793884277e-01 7.077625393867492676e-02
1.710526347160339355e-01 2.026315927505493164e-01 1.526315808296203613e-01 3.684210777282714844e-02 7.631579041481018066e-02 1.473684310913085938e-01 1.263158023357391357e-01 8.684211224317550659e-02
1.501501500606536865e-01 2.912912964820861816e-01 9.309309720993041992e-02 6.006006151437759399e-02 1.411411464214324951e-01 8.108108490705490112e-02 1.621621698141098022e-01 2.102102153003215790e-02
8.588957041501998901e-02 2.760736048221588135e-01 1.656441688537597656e-01 2.453987672924995422e-02 6.748466193675994873e-02 1.656441688537597656e-01 1.349693238735198975e-01 7.975459843873977661e-02
1.012396663427352905e-01 1.797520518302917480e-01 1.322313994169235229e-01 5.991735309362411499e-02 1.797520518302917480e-01 1.404958665370941162e-01 1.260330528020858765e-01 8.057850599288940430e-02
1.098130792379379272e-01 2.383177429437637329e-01 1.168224290013313293e-01 6.775701045989990234e-02 1.822429895401000977e-01 1.401869058609008789e-01 1.144859790802001953e-01 3.037383034825325012e-02
9.259258955717086792e-02 2.460317313671112061e-01 1.243386194109916687e-01 9.259258955717086792e-02 1.296296268701553345e-01 2.222222089767456055e-01 4.761904478073120117e-02 4.497354477643966675e-02
7.865168899297714233e-02 1.853932589292526245e-01 3.932584449648857117e-02 5.056179687380790710e-02 2.359550595283508301e-01 1.629213541746139526e-01 1.966292113065719604e-01 5.056179687380790710e-02
9.076923131942749023e-02 1.292307674884796143e-01 6.461538374423980713e-02 8.153846114873886108e-02 2.615384757518768311e-01 5.230769142508506775e-02 2.323076874017715454e-01 8.769230544567108154e-02
