6.826297193765640259e-02 1.403066515922546387e-01 4.679689109325408936e-01 7.099349051713943481e-02 5.314009636640548706e-02 8.128544688224792480e-02 6.007141247391700745e-02 5.797101557254791260e-02
8.569628000259399414e-02 1.031295955181121826e-01 3.992858529090881348e-01 6.553245335817337036e-02 1.109010726213455200e-01 1.024994775652885437e-01 6.217181310057640076e-02 7.078345119953155518e-02
6.784289330244064331e-02 1.071203500032424927e-01 5.007351636886596680e-01 5.187985673546791077e-02 7.288384437561035156e-02 7.078345119953155518e-02 6.490232795476913452e-02 6.385213136672973633e-02
2.877546660602092743e-02 6.196177378296852112e-02 6.007141470909118652e-01 6.532241404056549072e-02 5.776097625494003296e-02 5.377021804451942444e-02 7.855492830276489258e-02 5.314009636640548706e-02
6.679268926382064819e-02 9.997899830341339111e-02 5.003150701522827148e-01 6.070153415203094482e-02 4.410837963223457336e-02 5.440033599734306335e-02 6.910312920808792114e-02 1.045998707413673401e-01
7.960512489080429077e-02 1.001890376210212708e-01 4.003360569477081299e-01 5.713085457682609558e-02 9.661835432052612305e-02 1.100609079003334045e-01 6.259189546108245850e-02 9.346775710582733154e-02
3.486662358045578003e-02 7.036337256431579590e-02 5.889518857002258301e-01 6.847301125526428223e-02 4.746901988983154297e-02 4.284814000129699707e-02 7.771476358175277710e-02 6.931316852569580078e-02
3.570678457617759705e-02 7.099349051713943481e-02 5.832808017730712891e-01 4.746901988983154297e-02 6.658264994621276855e-02 8.023524284362792969e-02 5.293005704879760742e-02 6.280193477869033813e-02
8.590631932020187378e-02 1.121613085269927979e-01 3.432052135467529297e-01 6.553245335817337036e-02 9.913883358240127563e-02 1.027095168828964233e-01 7.981516420841217041e-02 1.115311905741691589e-01
2.835538797080516815e-02 5.566057562828063965e-02 5.885317921638488770e-01 5.124973878264427185e-02 7.603444904088973999e-02 7.750472426414489746e-02 6.490232795476913452e-02 5.776097625494003296e-02
3.486662358045578003e-02 7.540432363748550415e-02 5.605965256690979004e-01 6.616257131099700928e-02 5.965133383870124817e-02 5.398025736212730408e-02 7.540432363748550415e-02 7.393404841423034668e-02
2.877546660602092743e-02 6.406217068433761597e-02 5.830707550048828125e-01 4.809913784265518188e-02 7.435412704944610596e-02 8.527620136737823486e-02 5.881117284297943115e-02 5.755093321204185486e-02
1.031295955181121826e-01 1.209829896688461304e-01 4.272211790084838867e-01 5.398025736212730408e-02 7.393404841423034668e-02 8.275572210550308228e-02 5.166981741786003113e-02 8.632640540599822998e-02
7.624448835849761963e-02 1.052299961447715759e-01 4.438143372535705566e-01 6.070153415203094482e-02 8.380592614412307739e-02 9.724847972393035889e-02 6.637261062860488892e-02 6.658264994621276855e-02
6.385213136672973633e-02 8.863683789968490601e-02 5.177483558654785156e-01 4.998949915170669556e-02 6.343205273151397705e-02 7.918504625558853149e-02 8.191556483507156372e-02 5.524049699306488037e-02
7.645452767610549927e-02 1.083805933594703674e-01 4.018063545227050781e-01 6.364209204912185669e-02 9.745851904153823853e-02 1.039697527885437012e-01 7.330393046140670776e-02 7.498424500226974487e-02
7.645452767610549927e-02 1.054400354623794556e-01 4.688090682029724121e-01 5.944129452109336853e-02 5.272001773118972778e-02 5.776097625494003296e-02 7.792480289936065674e-02 1.014492735266685486e-01
6.616257131099700928e-02 9.388783574104309082e-02 5.183784961700439453e-01 5.398025736212730408e-02 5.986137315630912781e-02 7.078345119953155518e-02 6.511237472295761108e-02 7.183364778757095337e-02
7.015332579612731934e-02 1.478680968284606934e-01 3.650493621826171875e-01 8.233564347028732300e-02 1.027095168828964233e-01 8.968704193830490112e-02 6.322201341390609741e-02 7.897500693798065186e-02
6.931316852569580078e-02 1.415669023990631104e-01 4.755303561687469482e-01 7.498424500226974487e-02 4.599874094128608704e-02 4.935937747359275818e-02 6.406217068433761597e-02 7.918504625558853149e-02
8.569628000259399414e-02 1.132115125656127930e-01 3.639991581439971924e-01 7.771476358175277710e-02 8.611635863780975342e-02 9.388783574104309082e-02 8.863683789968490601e-02 9.073723852634429932e-02
4.095778241753578186e-02 8.506616204977035522e-02 5.633270144462585449e-01 6.742280721664428711e-02 6.259189546108245850e-02 5.398025736212730408e-02 6.133165210485458374e-02 6.532241404056549072e-02
4.410837963223457336e-02 7.624448835849761963e-02 5.269901156425476074e-01 7.750472426414489746e-02 6.721276789903640747e-02 6.532241404056549072e-02 7.645452767610549927e-02 6.616257131099700928e-02
6.259189546108245850e-02 9.955891966819763184e-02 4.534761607646942139e-01 6.385213136672973633e-02 7.834488898515701294e-02 9.451796114444732666e-02 7.099349051713943481e-02 7.666456699371337891e-02
5.755093321204185486e-02 1.526990085840225220e-01 4.664986431598663330e-01 7.351396977901458740e-02 5.692081525921821594e-02 7.267380505800247192e-02 6.553245335817337036e-02 5.461037531495094299e-02
4.536861926317214966e-02 6.868305057287216187e-02 5.916824340820312500e-01 4.641881957650184631e-02 6.553245335817337036e-02 7.057341188192367554e-02 5.398025736212730408e-02 5.776097625494003296e-02
3.927746415138244629e-02 5.650073662400245667e-02 5.610166192054748535e-01 4.746901988983154297e-02 8.233564347028732300e-02 8.737660199403762817e-02 7.288384437561035156e-02 5.314009636640548706e-02
3.171602636575698853e-02 6.868305057287216187e-02 5.563957095146179199e-01 4.704893752932548523e-02 8.044528216123580933e-02 8.548624068498611450e-02 6.049149483442306519e-02 6.973324716091156006e-02
3.318630531430244446e-02 4.683889821171760559e-02 5.647972822189331055e-01 4.704893752932548523e-02 8.149548619985580444e-02 8.716656267642974854e-02 8.758664131164550781e-02 5.187985673546791077e-02
4.725898057222366333e-02 6.805293262004852295e-02 5.853812098503112793e-01 6.910312920808792114e-02 5.272001773118972778e-02 5.755093321204185486e-02 6.301197409629821777e-02 5.692081525921821594e-02
8.821675926446914673e-02 1.048099175095558167e-01 3.913043439388275146e-01 5.881117284297943115e-02 1.010291948914527893e-01 9.724847972393035889e-02 7.351396977901458740e-02 8.506616204977035522e-02
7.204368710517883301e-02 1.256038695573806763e-01 4.767905771732330322e-01 5.797101557254791260e-02 5.419029667973518372e-02 7.498424500226974487e-02 6.091157346963882446e-02 7.750472426414489746e-02
8.464608341455459595e-02 1.125813871622085571e-01 4.013862609863281250e-01 6.574249267578125000e-02 1.016593128442764282e-01 9.157740324735641479e-02 6.952320784330368042e-02 7.288384437561035156e-02
6.406217068433761597e-02 1.277042627334594727e-01 4.784709215164184570e-01 5.776097625494003296e-02 5.461037531495094299e-02 7.204368710517883301e-02 6.700272858142852783e-02 7.834488898515701294e-02
9.367779642343521118e-02 1.340054571628570557e-01 3.585381209850311279e-01 6.259189546108245850e-02 9.724847972393035889e-02 1.058601140975952148e-01 7.015332579612731934e-02 7.792480289936065674e-02
4.410837963223457336e-02 5.713085457682609558e-02 6.261289715766906738e-01 4.809913784265518188e-02 4.788909852504730225e-02 6.175173446536064148e-02 5.124973878264427185e-02 6.364209204912185669e-02
8.884687721729278564e-02 1.069103106856346130e-01 4.656584858894348145e-01 4.956941679120063782e-02 7.078345119953155518e-02 8.317580074071884155e-02 5.229993537068367004e-02 8.275572210550308228e-02
6.217181310057640076e-02 8.758664131164550781e-02 5.162780880928039551e-01 5.272001773118972778e-02 8.212560415267944336e-02 8.758664131164550781e-02 6.175173446536064148e-02 4.977945983409881592e-02
6.679268926382064819e-02 1.415669023990631104e-01 4.643982350826263428e-01 7.120352983474731445e-02 5.398025736212730408e-02 8.191556483507156372e-02 6.196177378296852112e-02 5.818105489015579224e-02
6.658264994621276855e-02 1.377861797809600830e-01 4.896030128002166748e-01 7.183364778757095337e-02 4.326822236180305481e-02 6.994328647851943970e-02 5.965133383870124817e-02 6.133165210485458374e-02
1.134215518832206726e-01 1.172022670507431030e-01 3.495064079761505127e-01 6.553245335817337036e-02 8.779668062925338745e-02 1.058601140975952148e-01 7.162360846996307373e-02 8.905692398548126221e-02
6.700272858142852783e-02 1.247637048363685608e-01 4.723797440528869629e-01 6.175173446536064148e-02 5.461037531495094299e-02 6.637261062860488892e-02 6.973324716091156006e-02 8.338584005832672119e-02
7.729468494653701782e-02 1.119512692093849182e-01 3.738710284233093262e-01 6.406217068433761597e-02 1.058601140975952148e-01 1.176223456859588623e-01 7.183364778757095337e-02 7.750472426414489746e-02
7.225372642278671265e-02 1.148918271064758301e-01 3.992858529090881348e-01 6.931316852569580078e-02 9.367779642343521118e-02 9.199748188257217407e-02 7.414408773183822632e-02 8.443604409694671631e-02
6.469228863716125488e-02 1.211930289864540100e-01 5.114471912384033203e-01 6.805293262004852295e-02 3.423650562763214111e-02 5.860113352537155151e-02 6.784289330244064331e-02 7.393404841423034668e-02
6.994328647851943970e-02 1.461877822875976562e-01 4.622978270053863525e-01 6.868305057287216187e-02 5.187985673546791077e-02 6.028145179152488708e-02 6.931316852569580078e-02 7.141356915235519409e-02
7.456416636705398560e-02 1.270741373300552368e-01 4.793110787868499756e-01 6.490232795476913452e-02 5.461037531495094299e-02 7.624448835849761963e-02 6.070153415203094482e-02 6.259189546108245850e-02
9.136735647916793823e-02 1.235034689307212830e-01 3.829027414321899414e-01 5.839109420776367188e-02 8.800671994686126709e-02 1.123713478446006775e-01 7.099349051713943481e-02 7.246376574039459229e-02
6.616257131099700928e-02 1.050199568271636963e-01 5.082965493202209473e-01 6.196177378296852112e-02 6.595253199338912964e-02 6.994328647851943970e-02 6.196177378296852112e-02 6.070153415203094482e-02
7.456416636705398560e-02 1.178323850035667419e-01 3.436252772808074951e-01 6.973324716091156006e-02 1.043898314237594604e-01 1.130014732480049133e-01 8.023524284362792969e-02 9.661835432052612305e-02
1.247637048363685608e-01 1.205629035830497742e-01 3.474059998989105225e-01 5.986137315630912781e-02 8.191556483507156372e-02 1.020793914794921875e-01 6.049149483442306519e-02 1.029195562005043030e-01
7.372400909662246704e-02 1.142617091536521912e-01 4.076874554157257080e-01 6.679268926382064819e-02 8.884687721729278564e-02 1.048099175095558167e-01 7.078345119953155518e-02 7.309389114379882812e-02
1.932367123663425446e-02 7.141356915235519409e-02 5.881117582321166992e-01 6.931316852569580078e-02 5.335013568401336670e-02 4.347826167941093445e-02 7.162360846996307373e-02 8.338584005832672119e-02
4.095778241753578186e-02 8.632640540599822998e-02 5.664776563644409180e-01 6.364209204912185669e-02 6.406217068433761597e-02 5.461037531495094299e-02 6.175173446536064148e-02 6.217181310057640076e-02
7.036337256431579590e-02 9.976895898580551147e-02 5.099769234657287598e-01 4.074774309992790222e-02 4.662885889410972595e-02 8.989708125591278076e-02 7.351396977901458740e-02 6.910312920808792114e-02
5.944129452109336853e-02 1.298046559095382690e-01 4.965343475341796875e-01 6.364209204912185669e-02 4.620878025889396667e-02 5.923125520348548889e-02 6.595253199338912964e-02 7.918504625558853149e-02
9.346775710582733154e-02 1.277042627334594727e-01 3.574879169464111328e-01 6.616257131099700928e-02 7.624448835849761963e-02 9.934887290000915527e-02 7.876496762037277222e-02 1.008191555738449097e-01
5.250997841358184814e-02 5.944129452109336853e-02 6.271791458129882812e-01 4.221802204847335815e-02 5.461037531495094299e-02 7.267380505800247192e-02 4.221802204847335815e-02 4.914933815598487854e-02
2.394454926252365112e-02 8.590631932020187378e-02 5.862213969230651855e-01 6.931316852569580078e-02 5.650073662400245667e-02 4.179794341325759888e-02 7.057341188192367554e-02 6.574249267578125000e-02
9.619827568531036377e-02 1.165721490979194641e-01 3.669397234916687012e-01 6.007141247391700745e-02 1.083805933594703674e-01 9.724847972393035889e-02 6.112161278724670410e-02 9.346775710582733154e-02
8.716656267642974854e-02 1.037597134709358215e-01 4.083175659179687500e-01 6.994328647851943970e-02 9.850871562957763672e-02 9.808863699436187744e-02 7.036337256431579590e-02 6.385213136672973633e-02
8.422600477933883667e-02 1.300147026777267456e-01 3.602184355258941650e-01 7.540432363748550415e-02 9.577819705009460449e-02 1.119512692093849182e-01 7.414408773183822632e-02 6.826297193765640259e-02
6.763284653425216675e-02 8.905692398548126221e-02 5.099769234657287598e-01 5.124973878264427185e-02 6.826297193765640259e-02 8.170552551746368408e-02 6.973324716091156006e-02 6.238185241818428040e-02
6.973324716091156006e-02 1.014492735266685486e-01 5.158579945564270020e-01 5.335013568401336670e-02 4.704893752932548523e-02 6.973324716091156006e-02 6.616257131099700928e-02 7.666456699371337891e-02
2.877546660602092743e-02 8.317580074071884155e-02 5.532451272010803223e-01 5.229993537068367004e-02 7.162360846996307373e-02 8.863683789968490601e-02 5.818105489015579224e-02 6.406217068433761597e-02
3.759714215993881226e-02 6.301197409629821777e-02 5.971434712409973145e-01 5.776097625494003296e-02 6.343205273151397705e-02 5.818105489015579224e-02 7.099349051713943481e-02 5.187985673546791077e-02
3.570678457617759705e-02 6.658264994621276855e-02 5.360218286514282227e-01 5.040957778692245483e-02 1.008191555738449097e-01 1.174123063683509827e-01 4.200798273086547852e-02 5.103969573974609375e-02
2.814534679055213928e-02 8.590631932020187378e-02 5.400125980377197266e-01 4.893929883837699890e-02 9.031715989112854004e-02 9.010712057352066040e-02 5.229993537068367004e-02 6.427221000194549561e-02
6.280193477869033813e-02 1.190926283597946167e-01 4.854022264480590820e-01 6.028145179152488708e-02 6.574249267578125000e-02 7.120352983474731445e-02 5.860113352537155151e-02 7.687460631132125854e-02
3.948750346899032593e-02 5.881117284297943115e-02 6.084856390953063965e-01 6.868305057287216187e-02 4.767905920743942261e-02 4.935937747359275818e-02 7.246376574039459229e-02 5.503045395016670227e-02
9.850871562957763672e-02 1.092207506299018860e-01 3.751312792301177979e-01 7.057341188192367554e-02 9.619827568531036377e-02 1.050199568271636963e-01 6.490232795476913452e-02 8.044528216123580933e-02
6.532241404056549072e-02 9.472800046205520630e-02 4.675488471984863281e-01 6.301197409629821777e-02 9.031715989112854004e-02 8.023524284362792969e-02 7.351396977901458740e-02 6.532241404056549072e-02
6.322201341390609741e-02 1.071203500032424927e-01 4.910733103752136230e-01 8.317580074071884155e-02 6.595253199338912964e-02 5.965133383870124817e-02 6.931316852569580078e-02 6.049149483442306519e-02
5.398025736212730408e-02 7.561437040567398071e-02 5.841209888458251953e-01 4.893929883837699890e-02 5.776097625494003296e-02 6.049149483442306519e-02 5.377021804451942444e-02 6.532241404056549072e-02
2.457466907799243927e-02 7.162360846996307373e-02 5.843310356140136719e-01 7.519428431987762451e-02 4.494854062795639038e-02 4.725898057222366333e-02 6.868305057287216187e-02 8.338584005832672119e-02
2.688510902225971222e-02 6.112161278724670410e-02 6.147868037223815918e-01 6.742280721664428711e-02 4.599874094128608704e-02 4.221802204847335815e-02 7.645452767610549927e-02 6.511237472295761108e-02
6.049149483442306519e-02 6.091157346963882446e-02 6.231883764266967773e-01 5.440033599734306335e-02 4.704893752932548523e-02 5.986137315630912781e-02 5.524049699306488037e-02 3.885738179087638855e-02
4.053770378232002258e-02 8.695652335882186890e-02 5.127074122428894043e-01 5.019953846931457520e-02 8.737660199403762817e-02 8.695652335882186890e-02 5.587061494588851929e-02 7.939508557319641113e-02
9.220752120018005371e-02 1.012392342090606689e-01 4.030665755271911621e-01 6.238185241818428040e-02 1.003990769386291504e-01 1.111111119389533997e-01 6.721276789903640747e-02 6.238185241818428040e-02
8.926696330308914185e-02 1.251837909221649170e-01 3.606385290622711182e-01 6.259189546108245850e-02 8.548624068498611450e-02 9.808863699436187744e-02 7.645452767610549927e-02 1.022894382476806641e-01
6.889308989048004150e-02 1.302247494459152222e-01 5.064061880111694336e-01 6.259189546108245850e-02 5.166981741786003113e-02 4.935937747359275818e-02 5.797101557254791260e-02 7.288384437561035156e-02
7.330393046140670776e-02 9.199748188257217407e-02 4.373030960559844971e-01 6.301197409629821777e-02 1.045998707413673401e-01 9.031715989112854004e-02 6.553245335817337036e-02 7.393404841423034668e-02
7.981516420841217041e-02 1.075404360890388489e-01 4.746901988983154297e-01 5.986137315630912781e-02 5.755093321204185486e-02 8.779668062925338745e-02 7.225372642278671265e-02 6.049149483442306519e-02
8.422600477933883667e-02 1.098508685827255249e-01 4.291115403175354004e-01 5.860113352537155151e-02 9.115731716156005859e-02 1.060701534152030945e-01 6.301197409629821777e-02 5.797101557254791260e-02
6.049149483442306519e-02 1.062801927328109741e-01 5.316110253334045410e-01 5.797101557254791260e-02 5.145977810025215149e-02 6.238185241818428040e-02 6.385213136672973633e-02 6.595253199338912964e-02
7.939508557319641113e-02 1.245536655187606812e-01 3.690401315689086914e-01 7.435412704944610596e-02 8.800671994686126709e-02 9.346775710582733154e-02 7.309389114379882812e-02 9.808863699436187744e-02
3.276622667908668518e-02 6.511237472295761108e-02 5.986137390136718750e-01 4.515857994556427002e-02 6.973324716091156006e-02 7.267380505800247192e-02 5.272001773118972778e-02 6.322201341390609741e-02
5.965133383870124817e-02 8.380592614412307739e-02 5.408527851104736328e-01 6.133165210485458374e-02 4.998949915170669556e-02 7.393404841423034668e-02 7.057341188192367554e-02 5.986137315630912781e-02
6.805293262004852295e-02 1.382062584161758423e-01 4.755303561687469482e-01 7.120352983474731445e-02 5.797101557254791260e-02 6.259189546108245850e-02 6.091157346963882446e-02 6.553245335817337036e-02
9.766855835914611816e-02 9.346775710582733154e-02 3.847931027412414551e-01 5.713085457682609558e-02 1.003990769386291504e-01 1.060701534152030945e-01 7.225372642278671265e-02 8.821675926446914673e-02
3.969754278659820557e-02 8.107540756464004517e-02 5.725687742233276367e-01 6.553245335817337036e-02 6.427221000194549561e-02 5.419029667973518372e-02 6.217181310057640076e-02 6.049149483442306519e-02
7.267380505800247192e-02 8.884687721729278564e-02 5.169082283973693848e-01 4.725898057222366333e-02 6.847301125526428223e-02 8.233564347028732300e-02 6.490232795476913452e-02 5.860113352537155151e-02
7.771476358175277710e-02 1.186725497245788574e-01 4.862423837184906006e-01 5.293005704879760742e-02 5.482041463255882263e-02 7.246376574039459229e-02 5.860113352537155151e-02 7.855492830276489258e-02
7.792480289936065674e-02 1.159420311450958252e-01 5.236294865608215332e-01 4.116782173514366150e-02 4.221802204847335815e-02 1.022894382476806641e-01 4.557865858078002930e-02 5.124973878264427185e-02
2.625498920679092407e-02 7.897500693798065186e-02 5.719386935234069824e-01 4.767905920743942261e-02 8.170552551746368408e-02 7.771476358175277710e-02 5.061961710453033447e-02 6.511237472295761108e-02
4.032766073942184448e-02 6.721276789903640747e-02 6.431422233581542969e-01 4.599874094128608704e-02 4.872925952076911926e-02 5.356017500162124634e-02 5.187985673546791077e-02 4.914933815598487854e-02
3.024574741721153259e-02 5.902121588587760925e-02 5.673177838325500488e-01 4.641881957650184631e-02 7.393404841423034668e-02 7.981516420841217041e-02 6.385213136672973633e-02 7.939508557319641113e-02
5.965133383870124817e-02 1.232934221625328064e-01 4.868724942207336426e-01 7.729468494653701782e-02 5.314009636640548706e-02 5.461037531495094299e-02 7.393404841423034668e-02 7.120352983474731445e-02
4.116782173514366150e-02 6.763284653425216675e-02 5.822306275367736816e-01 6.217181310057640076e-02 6.763284653425216675e-02 5.902121588587760925e-02 6.574249267578125000e-02 5.440033599734306335e-02
8.590631932020187378e-02 1.256038695573806763e-01 3.721907138824462891e-01 6.889308989048004150e-02 8.779668062925338745e-02 9.346775710582733154e-02 7.204368710517883301e-02 9.409787505865097046e-02
7.288384437561035156e-02 1.218231469392776489e-01 3.887838721275329590e-01 6.826297193765640259e-02 8.548624068498611450e-02 1.050199568271636963e-01 7.267380505800247192e-02 8.506616204977035522e-02
3.360638394951820374e-02 7.162360846996307373e-02 6.070153117179870605e-01 6.007141247391700745e-02 4.725898057222366333e-02 4.998949915170669556e-02 5.692081525921821594e-02 7.351396977901458740e-02
7.351396977901458740e-02 1.159420311450958252e-01 4.667086601257324219e-01 5.608065426349639893e-02 6.049149483442306519e-02 6.217181310057640076e-02 6.742280721664428711e-02 9.766855835914611816e-02
6.196177378296852112e-02 1.031295955181121826e-01 5.444234609603881836e-01 6.427221000194549561e-02 4.599874094128608704e-02 5.461037531495094299e-02 6.574249267578125000e-02 5.986137315630912781e-02
5.776097625494003296e-02 1.064902320504188538e-01 4.830918014049530029e-01 7.687460631132125854e-02 6.469228863716125488e-02 5.250997841358184814e-02 8.065532147884368896e-02 7.792480289936065674e-02
8.905692398548126221e-02 8.758664131164550781e-02 4.207099378108978271e-01 5.692081525921821594e-02 9.283763915300369263e-02 1.045998707413673401e-01 7.057341188192367554e-02 7.771476358175277710e-02
8.716656267642974854e-02 1.077504754066467285e-01 3.524469733238220215e-01 7.162360846996307373e-02 9.703844040632247925e-02 9.850871562957763672e-02 8.926696330308914185e-02 9.619827568531036377e-02
2.541482821106910706e-02 6.469228863716125488e-02 6.074354052543640137e-01 6.994328647851943970e-02 5.860113352537155151e-02 4.074774309992790222e-02 7.960512489080429077e-02 5.356017500162124634e-02
4.935937747359275818e-02 1.403066515922546387e-01 4.877126514911651611e-01 8.275572210550308228e-02 5.314009636640548706e-02 7.582440972328186035e-02 6.217181310057640076e-02 4.872925952076911926e-02
8.821675926446914673e-02 1.260239481925964355e-01 3.463557958602905273e-01 7.120352983474731445e-02 1.045998707413673401e-01 9.913883358240127563e-02 6.847301125526428223e-02 9.598823636770248413e-02
9.304767847061157227e-02 1.153119057416915894e-01 3.440453708171844482e-01 7.120352983474731445e-02 1.003990769386291504e-01 1.039697527885437012e-01 8.044528216123580933e-02 9.157740324735641479e-02
7.288384437561035156e-02 1.232934221625328064e-01 4.713295400142669678e-01 5.166981741786003113e-02 5.818105489015579224e-02 7.498424500226974487e-02 6.448224931955337524e-02 8.317580074071884155e-02
4.179794341325759888e-02 5.229993537068367004e-02 6.080655455589294434e-01 4.977945983409881592e-02 5.797101557254791260e-02 7.036337256431579590e-02 6.469228863716125488e-02 5.503045395016670227e-02
7.561437040567398071e-02 1.161520704627037048e-01 4.194496870040893555e-01 6.952320784330368042e-02 8.485612273216247559e-02 9.367779642343521118e-02 7.267380505800247192e-02 6.805293262004852295e-02
6.847301125526428223e-02 1.470279395580291748e-01 4.744801521301269531e-01 6.112161278724670410e-02 5.166981741786003113e-02 6.889308989048004150e-02 6.070153415203094482e-02 6.763284653425216675e-02
3.150598704814910889e-02 8.233564347028732300e-02 5.748792290687561035e-01 6.595253199338912964e-02 4.536861926317214966e-02 5.061961710453033447e-02 7.645452767610549927e-02 7.288384437561035156e-02
9.157740324735641479e-02 1.241335868835449219e-01 3.885738253593444824e-01 7.120352983474731445e-02 8.464608341455459595e-02 8.632640540599822998e-02 6.952320784330368042e-02 8.401596546173095703e-02
2.940558642148971558e-02 6.679268926382064819e-02 5.538752079010009766e-01 6.196177378296852112e-02 7.015332579612731934e-02 7.750472426414489746e-02 6.826297193765640259e-02 7.204368710517883301e-02
5.965133383870124817e-02 1.352656930685043335e-01 4.589371979236602783e-01 6.238185241818428040e-02 5.187985673546791077e-02 8.023524284362792969e-02 6.826297193765640259e-02 8.338584005832672119e-02
2.352446876466274261e-02 5.377021804451942444e-02 5.805503129959106445e-01 5.040957778692245483e-02 8.695652335882186890e-02 7.477420568466186523e-02 6.154169142246246338e-02 6.847301125526428223e-02
